REGIAO:;NE
UF:;PE
ESTACAO:;OURICURI
CODIGO (WMO):;A366
LATITUDE:;-7,88583333
LONGITUDE:;-40,10277777
ALTITUDE:;457,85
DATA DE FUNDACAO:;11/08/10
Data;Hora UTC;PRECIPITAÇÃO TOTAL, HORÁRIO (mm);PRESSAO ATMOSFERICA AO NIVEL DA ESTACAO, HORARIA (mB);PRESSÃO ATMOSFERICA MAX.NA HORA ANT. (AUT) (mB);PRESSÃO ATMOSFERICA MIN. NA HORA ANT. (AUT) (mB);RADIACAO GLOBAL (Kj/m²);TEMPERATURA DO AR - BULBO SECO, HORARIA (°C);TEMPERATURA DO PONTO DE ORVALHO (°C);TEMPERATURA MÁXIMA NA HORA ANT. (AUT) (°C);TEMPERATURA MÍNIMA NA HORA ANT. (AUT) (°C);TEMPERATURA ORVALHO MAX. NA HORA ANT. (AUT) (°C);TEMPERATURA ORVALHO MIN. NA HORA ANT. (AUT) (°C);UMIDADE REL. MAX. NA HORA ANT. (AUT) (%);UMIDADE REL. MIN. NA HORA ANT. (AUT) (%);UMIDADE RELATIVA DO AR, HORARIA (%);VENTO, DIREÇÃO HORARIA (gr) (° (gr));VENTO, RAJADA MAXIMA (m/s);VENTO, VELOCIDADE HORARIA (m/s);
2025/01/01;0000 UTC;0;957,9;957,9;957,3;;31,7;6,7;32,6;31,3;6,8;5,5;21;19;21;65;6,7;2,2;
2025/01/01;0100 UTC;0;958,5;958,5;957,9;;29,1;7,4;31,7;29,1;7,4;6,7;26;21;26;30;3,6;1,5;
2025/01/01;0200 UTC;0;958,4;958,5;958,4;;29,4;8,5;29,6;29;8,5;7,5;27;26;27;49;2,9;1,8;
2025/01/01;0300 UTC;0;957,9;958,4;957,9;;28,7;9,4;29,6;28,7;9,4;8,5;30;27;30;49;2,9;1,6;
2025/01/01;0400 UTC;0;957,6;957,9;957,6;;27,7;10,5;28,7;27,3;10,5;9,4;34;30;34;37;3;1,8;
2025/01/01;0500 UTC;0;957,9;957,9;957,6;;28;13,5;28,5;27,6;13,5;10,5;41;34;41;88;3,8;1,6;
2025/01/01;0600 UTC;0;958,3;958,3;957,9;;27,5;17,9;28,1;27,5;17,9;13,6;56;41;56;84;5,5;2,9;
2025/01/01;0700 UTC;0;958,4;958,4;958,2;;26,3;18,7;27,5;26,3;18,7;18;63;56;63;113;6,3;2,3;
2025/01/01;0800 UTC;0;959;959;958,4;;25,3;19;26,3;25,3;19;18,7;68;63;68;110;5;1,9;
2025/01/01;0900 UTC;0;959,9;959,9;959;42,7;24,9;19,1;25,3;24,8;19,1;18,9;70;68;70;152;4,4;1,3;
2025/01/01;1000 UTC;0;960,8;960,8;959,9;316,3;25,4;19,3;25,4;24,8;19,3;19;71;69;69;145;4,6;2,5;
2025/01/01;1100 UTC;0;961,2;961,2;960,8;1208,9;27,4;19;27,4;25,3;19,4;18,8;69;60;60;122;5;2,3;
2025/01/01;1200 UTC;0;961,3;961,3;961,2;1472,3;28,5;18,2;29,1;26,7;19,1;18,1;62;53;54;74;4,8;1,4;
2025/01/01;1300 UTC;0;961,1;961,4;961,1;1473,6;29,8;17,8;29,8;28,2;18,5;17,6;54;48;49;119;5,1;2,2;
2025/01/01;1400 UTC;0;960,4;961,1;960,4;2213,7;30;17,4;31,4;29,3;18;17,2;50;44;47;144;5,8;2,9;
2025/01/01;1500 UTC;0;959,4;960,4;959,4;2525,3;32;16,7;32,2;30;17,9;15,9;47;38;40;155;6,5;3,4;
2025/01/01;1600 UTC;0;958,2;959,5;958,2;3467,2;34,7;14;35,3;31,8;16,6;13,5;40;28;29;97;6,5;2,2;
2025/01/01;1700 UTC;0;957,1;958,2;956,9;3276;36,3;13,2;36,5;33,8;14,1;12,8;29;25;25;71;8,1;2,9;
2025/01/01;1800 UTC;0;956,1;957,1;956,1;2215,5;35,6;12,8;36,6;34,4;13,5;11,9;28;23;26;115;7,8;3,2;
2025/01/01;1900 UTC;0;955,8;956,1;955,7;1896,4;35,6;11,7;36,4;34,9;12,6;11,7;26;23;24;99;7,5;2,7;
2025/01/01;2000 UTC;0;955,9;955,9;955,7;1115,5;35;11,1;35,7;34,6;12,1;11,1;25;23;23;136;7,6;4;
2025/01/01;2100 UTC;0;956,2;956,2;955,8;285,9;33,8;11,3;35;33,8;11,4;11,1;26;23;26;127;7,6;2,9;
2025/01/01;2200 UTC;0;956,7;956,7;956,2;;32,2;11,9;33,8;32,2;11,9;11,2;29;26;29;141;6,7;1,9;
2025/01/01;2300 UTC;0;957,4;957,5;956,7;;30,3;12,1;32,2;30,3;12,2;11,9;33;29;33;171;4;1,1;
2025/01/02;0000 UTC;0;958,3;958,3;957,4;;29,3;12,2;30,3;29,2;12,2;11,6;35;33;35;29;4,2;2,7;
2025/01/02;0100 UTC;0;958,8;958,8;958,3;;28,8;12,5;30;28,8;12,5;12,2;36;34;36;37;4,4;1,1;
2025/01/02;0200 UTC;0;958,8;958,9;958,8;;29;12,8;29,1;28,2;13,2;12,5;39;36;37;25;2,2;1,2;
2025/01/02;0300 UTC;0;958,5;958,8;958,5;;27,2;18,1;29,5;27,2;18,1;12,7;58;36;58;20;2,7;1,1;
2025/01/02;0400 UTC;0;958,2;958,5;958,2;;27,1;17,1;27,2;26,9;19,1;16,9;62;54;54;39;1,9;,7;
2025/01/02;0500 UTC;0;958,1;958,3;958,1;;27,8;14,1;28,4;26,8;17,1;13,8;55;41;43;115;2,6;1,1;
2025/01/02;0600 UTC;0;958,3;958,3;958;;26,9;15,8;27,9;25,8;16;14,1;53;43;51;102;3,8;1,1;
2025/01/02;0700 UTC;0;958,6;958,6;958,2;;27;17,8;27,5;26,9;17,8;15,8;57;51;57;108;3,6;1,7;
2025/01/02;0800 UTC;0;959,2;959,2;958,6;;26,2;18,2;27;26,2;18,2;17,8;61;57;61;102;6,3;2,3;
2025/01/02;0900 UTC;0;960,2;960,2;959,2;43,6;25,9;18,3;26,2;25,7;18,3;18,2;63;61;63;111;4,9;1,1;
2025/01/02;1000 UTC;0;960,9;960,9;960,2;310,6;26;18,9;26;25,6;18,9;18,3;65;63;65;124;5,6;2,6;
2025/01/02;1100 UTC;0;961,3;961,3;960,9;795,5;26,9;18,6;26,9;25,8;18,9;18,5;65;60;61;113;6,4;3,3;
2025/01/02;1200 UTC;0;961,4;961,6;961,3;1718,5;28,3;18,4;28,7;26,6;18,9;18,1;61;53;55;128;7,1;3;
2025/01/02;1300 UTC;0;961,1;961,4;961;2498,2;29,6;17,5;30,4;28,1;18,4;17,2;55;47;48;125;6,5;3,5;
2025/01/02;1400 UTC;0;960,4;961,1;960,4;2615,4;31,2;16,3;31,4;29,4;17,7;16,3;49;41;41;144;7;2,9;
2025/01/02;1500 UTC;0;959,4;960,5;959,4;2634,6;32,6;14,6;33,2;31,2;16,5;13,9;41;32;34;52;7,4;2,4;
2025/01/02;1600 UTC;0;958,6;959,5;958,6;3068,8;34,1;11,2;35,5;32,6;14,8;11;34;23;25;91;7,6;3,5;
2025/01/02;1700 UTC;0;957,7;958,6;957,7;3229,6;34,7;11,5;36,1;34,1;11,7;10,1;25;21;25;96;7,6;1,7;
2025/01/02;1800 UTC;0;956,8;957,7;956,8;2132,5;35,2;9,8;36,6;34,5;11,6;9,8;24;21;21;80;7;3;
2025/01/02;1900 UTC;0;956,2;956,8;956,1;1697,7;36,5;8,3;36,6;34,8;10,1;7,6;21;18;18;123;8,1;2,9;
2025/01/02;2000 UTC;0;956;956,3;955,9;1070,9;35,4;8,5;36,6;35,1;8,6;7,7;19;17;19;116;7,3;3,8;
2025/01/02;2100 UTC;0;956,3;956,3;956;324,6;34,5;8,8;35,5;34,5;8,8;8,1;21;19;21;110;7,3;2;
2025/01/02;2200 UTC;0;957;957;956,2;;32,9;10,5;34,5;32,9;10,5;8,8;25;21;25;150;6;3;
2025/01/02;2300 UTC;0;957,9;957,9;957;;31,9;9,3;32,9;31,9;10,5;9,2;26;24;25;119;5,9;1,8;
2025/01/03;0000 UTC;0;958,4;958,5;957,9;;31,2;11,5;31,9;31,2;11,5;9,3;30;25;30;85;3,6;1,8;
2025/01/03;0100 UTC;0;958,7;958,7;958,4;;29,4;11,9;31,2;29,4;12,1;11,5;34;30;34;27;3,6;1,5;
2025/01/03;0200 UTC;0;958,5;958,7;958,5;;27,3;12,6;29,4;27,3;12,7;12;41;34;40;23;2,3;1,4;
2025/01/03;0300 UTC;0;958,5;958,6;958,5;;28,2;12,4;29,1;27,3;12,7;12,2;40;35;38;44;3,7;1,3;
2025/01/03;0400 UTC;0;957,9;958,5;957,9;;27,9;12;28,7;27,9;12,3;11,9;38;36;37;78;3;1,4;
2025/01/03;0500 UTC;0;958;958;957,8;;27,1;13;27,9;27;13;12;42;38;42;128;2,7;1,3;
2025/01/03;0600 UTC;0;958,2;958,2;957,9;;26,6;14;27,1;26,5;14;13;46;42;46;86;3,6;1,8;
2025/01/03;0700 UTC;0;958,5;958,5;958,2;;25,7;14,7;26,7;25,5;14,7;14;51;46;51;90;3;1,4;
2025/01/03;0800 UTC;0;959,2;959,2;958,4;;23,4;14,2;25,9;23,4;15,3;14,2;57;50;56;196;2,5;,6;
2025/01/03;0900 UTC;0;959,9;959,9;959,2;22,2;24,5;17,6;24,6;23,2;17,6;14,2;65;56;65;134;3,6;2,2;
2025/01/03;1000 UTC;0;960,4;960,5;959,9;530,2;26,4;18;26,5;24,5;18,2;17,6;66;60;60;133;4,1;2,3;
2025/01/03;1100 UTC;0;960,7;960,8;960,4;1387,6;28,1;17,6;28,3;26,2;18,3;17,6;60;53;53;100;6,1;2,8;
2025/01/03;1200 UTC;0;960,8;960,9;960,6;2254;30;17,4;30;28,1;17,9;17,2;53;47;47;98;6,5;3,4;
2025/01/03;1300 UTC;0;960,2;960,8;960,2;3022,1;31,4;17;32,3;29,6;17,4;16,7;47;40;42;77;7,1;3,1;
2025/01/03;1400 UTC;0;959,9;960,2;959,9;2914,4;32,9;15,8;33,4;30,9;16,9;15,5;43;35;36;100;7,5;3,3;
2025/01/03;1500 UTC;0;959,3;959,9;959,3;2521,1;33,4;14,7;33,8;31,3;16,1;14,7;39;32;33;112;6,8;3,1;
2025/01/03;1600 UTC;0;958,4;959,3;958,4;3506,9;34,9;13,5;35,7;33,4;15,2;13,4;33;28;28;80;7;2,2;
2025/01/03;1700 UTC;0;957,5;958,4;957,5;2673;35,8;13,6;35,9;33,3;14,2;13,2;31;26;26;160;7,4;1,7;
2025/01/03;1800 UTC;0;956,4;957,5;956,3;2970,7;35,9;12,1;37,1;35;13,2;11,7;26;22;24;109;7,6;3,4;
2025/01/03;1900 UTC;0;955,8;956,4;955,8;2002,1;36,6;10,1;37,3;35,8;11,9;9,5;24;20;20;92;7,2;3,2;
2025/01/03;2000 UTC;0;955,5;955,8;955,4;1121;35,8;8,2;36,9;35,6;9,9;8,1;20;18;19;106;6,8;2,8;
2025/01/03;2100 UTC;0;955,7;955,7;955,5;312,5;34,8;8,3;36;34,8;8,7;7,9;20;18;20;134;5,8;2,8;
2025/01/03;2200 UTC;0;956,7;956,7;955,7;;32,4;6,4;34,8;32,4;8,3;6;20;18;20;161;5,5;1,2;
2025/01/03;2300 UTC;0;957,5;957,5;956,7;;30,1;4;32,4;30;6,6;4;21;19;19;191;3,2;,5;
2025/01/04;0000 UTC;0;958,3;958,3;957,5;;29,3;4,7;30,1;28,6;4,7;3,3;22;19;21;59;1,9;1,1;
2025/01/04;0100 UTC;0;958,6;958,7;958,3;;28,3;5,7;30,2;28,3;5,7;4,7;24;20;24;24;4,9;1,5;
2025/01/04;0200 UTC;0;958,5;958,7;958,5;;28;6,6;28,9;27,8;6,6;5,8;26;24;26;31;3,9;1,5;
2025/01/04;0300 UTC;0;958,4;958,6;958,4;;28,4;8,7;29,4;27,5;8,8;6,7;29;26;29;51;4;1,9;
2025/01/04;0400 UTC;0;958,2;958,5;958,2;;27,2;9,5;28,4;27,2;9,5;8,6;33;29;33;51;3,5;2;
2025/01/04;0500 UTC;0;958;958,2;957,8;;25,5;10,8;27,2;25,5;11,2;9,5;40;33;40;34;3;1,1;
2025/01/04;0600 UTC;0;958,1;958,1;958;;25,2;12,2;27,4;25;12,9;10,9;45;39;45;101;3,3;,9;
2025/01/04;0700 UTC;0;958;958,2;958;;25,7;14,4;25,7;24,8;14,4;12,2;50;44;50;115;2,2;1,1;
2025/01/04;0800 UTC;0;958,7;958,7;958;;23,8;14,2;25,7;23,8;14,8;14;55;50;55;284;2,4;,8;
2025/01/04;0900 UTC;0;959,5;959,5;958,6;33,7;24,4;15;24,4;22,9;15;14;59;55;56;292;2,1;1,2;
2025/01/04;1000 UTC;0;960,1;960,2;959,5;411,7;27,5;18,6;27,5;24,4;18,8;15,2;63;56;59;27;3,1;,6;
2025/01/04;1100 UTC;0;960,2;960,2;960,1;1306,2;29,1;18,1;29,5;27,3;18,8;18,1;59;52;52;91;3,8;1,5;
2025/01/04;1200 UTC;0;960,3;960,3;960,2;1165,2;29,5;17,6;30,2;28,8;18,5;17,6;52;49;49;7;4,3;2,3;
2025/01/04;1300 UTC;0;960;960,3;959,9;2313,9;32;17,1;32;29,5;18,3;16,8;49;41;41;90;4,7;1,5;
2025/01/04;1400 UTC;0;959,3;960;959,3;3537,2;33,4;15,7;33,9;31,8;17,5;15,4;41;34;35;53;6,1;2,1;
2025/01/04;1500 UTC;0;958,4;959,3;958,4;2989;34,4;14,5;35,2;33;15,7;14,4;34;30;30;99;4,9;2,5;
2025/01/04;1600 UTC;0;957,2;958,4;957,2;2754,4;34,9;13;36,2;33,9;14,9;12,4;31;25;27;83;6,1;2,7;
2025/01/04;1700 UTC;0;956,2;957,2;956,2;3199,2;37,3;12;37,8;34,9;13,5;11,6;27;22;22;99;7,6;2,6;
2025/01/04;1800 UTC;0;955,4;956,2;955,3;2875;37,6;11,6;38,1;36,4;12,1;9,7;22;19;21;82;8,8;2,9;
2025/01/04;1900 UTC;0;954,9;955,4;954,9;1919,8;37,2;12,1;38,4;36,3;12,3;9,6;23;18;22;30;11,8;5,6;
2025/01/04;2000 UTC;0;954,7;954,9;954,7;1128,1;36,9;10,9;37,4;36,7;11,9;10,5;22;20;21;20;8,8;4,6;
2025/01/04;2100 UTC;0;955,2;955,3;954,7;246,6;33;13,5;37;33;13,5;10,9;31;21;31;96;8,9;4,3;
2025/01/04;2200 UTC;0;955,9;955,9;955,1;;31;15,2;33;30,7;15,9;13,7;41;31;38;202;8,9;1,4;
2025/01/04;2300 UTC;0;956,4;956,4;955,9;;30,5;15,6;31,1;30,3;16,4;15,2;43;38;41;20;2,8;,6;
2025/01/05;0000 UTC;0;957,1;957,1;956,4;;29,4;15,2;30,6;29,4;15,6;15,1;42;39;42;13;1,5;,7;
2025/01/05;0100 UTC;0;957,4;957,5;957,1;;28,9;13,6;29,4;28,5;15,2;13,6;44;39;39;25;2,4;1,7;
2025/01/05;0200 UTC;0;957,6;957,7;957,4;;27,3;14,2;29,3;27,3;14,3;13,1;45;37;45;32;2,4;,2;
2025/01/05;0300 UTC;0;957,8;958;957,6;;30,3;14,7;30,5;27,2;14,7;13,8;45;38;39;31;6,4;3,7;
2025/01/05;0400 UTC;0;957,8;957,9;957,7;;28,4;17,8;30,3;28,4;17,8;14,7;53;39;53;38;9,6;3,6;
2025/01/05;0500 UTC;0;958,4;958,5;957,8;;27,5;18,6;28,4;27,5;18,6;17,8;58;53;58;7;7,7;3,5;
2025/01/05;0600 UTC;0;958,6;958,6;958,3;;27,2;19;27,5;27,2;19;18,6;61;58;61;8;6,2;3,6;
2025/01/05;0700 UTC;0;958,6;958,8;958,6;;26,7;19,1;27,2;26,7;19,2;19;63;61;63;17;6,5;2,8;
2025/01/05;0800 UTC;0;958,7;958,7;958,4;;26,2;19,1;26,8;26,2;19,2;19,1;65;63;65;3;5,8;2,2;
2025/01/05;0900 UTC;0;959,1;959,1;958,7;32,4;26;19,3;26,2;25,7;19,3;19,1;67;65;66;24;3,7;1,3;
2025/01/05;1000 UTC;0;959,5;959,5;959,1;395,7;27,9;19,3;27,9;26;19,4;19,2;66;60;60;43;4;1,9;
2025/01/05;1100 UTC;0;959,8;959,8;959,5;1209,9;29,4;18,8;29,4;27,8;19,3;18,5;60;53;53;61;6,3;3,2;
2025/01/05;1200 UTC;0;959,7;959,9;959,6;1953;31,2;17,5;31,6;28,9;18,7;17,3;53;44;44;66;7,5;4,1;
2025/01/05;1300 UTC;0;959,4;959,7;959,4;2185,7;32,9;16,7;32,9;30,2;17,4;16,6;45;38;38;55;7,6;3,6;
2025/01/05;1400 UTC;0;958,8;959,4;958,8;3066,2;33,6;15,8;33,7;31,9;17;15,8;40;34;34;83;8,1;2,8;
2025/01/05;1500 UTC;0;957,7;958,8;957,7;3043,5;34;15,3;35,6;32,8;16,2;15,1;36;30;33;48;8,1;3,2;
2025/01/05;1600 UTC;0;956,9;957,7;956,9;3626,9;36;14,4;36,2;33,7;15,8;13,8;33;27;28;82;6,9;2,5;
2025/01/05;1700 UTC;0;956,1;956,9;956,1;2922,5;37;12,9;37;35;14,3;12,3;28;23;24;81;8,1;2,6;
2025/01/05;1800 UTC;0;955,3;956,2;955,2;2491,4;37,6;11,6;37,8;35,9;12,8;10,7;24;21;21;52;15;3,6;
2025/01/05;1900 UTC;0;954,7;955,3;954,7;1535,5;37;9,7;37,6;35,7;11,5;9,6;22;19;19;106;9,3;2,7;
2025/01/05;2000 UTC;0;954,6;954,8;954,5;916,1;35,8;9,4;37,5;35,8;9,7;8,5;20;18;20;74;8,8;2,8;
2025/01/05;2100 UTC;0;955,3;955,3;954,5;151;35;9,7;35,9;35;9,7;9;21;20;21;77;5,1;1,9;
2025/01/05;2200 UTC;0;956,3;956,3;955,3;;33,7;11,4;35;33,4;11,4;9,7;26;21;26;13;5,2;2,7;
2025/01/05;2300 UTC;0;956,8;956,8;956,3;;32,2;12;33,7;32,2;12;11,5;29;26;29;19;5,2;3;
2025/01/06;0000 UTC;0;957,2;957,2;956,8;;31,5;12;32,2;31,5;12;12;30;29;30;37;5,9;1,8;
2025/01/06;0100 UTC;0;957,8;957,8;957,2;;30,8;12,5;31,9;30,8;12,5;12;33;30;33;162;2,6;1,6;
2025/01/06;0200 UTC;0;957,6;958;957,6;;30,6;12,7;31;30,4;12,8;12,5;34;32;34;56;3,5;1,8;
2025/01/06;0300 UTC;0;957,5;957,7;957,5;;30,7;13,4;30,8;29,5;13,4;12,6;36;33;35;65;5,5;3;
2025/01/06;0400 UTC;0;957,6;957,7;957,3;;29,1;15,2;30,7;29,1;15,6;13,4;44;35;43;75;8,7;1,6;
2025/01/06;0500 UTC;0;957,3;957,8;957,3;;28,1;17,8;29,4;27,8;18;14,9;55;42;54;1;7,1;3,5;
2025/01/06;0600 UTC;0;957,4;957,4;957,2;;27,4;18,2;28,1;27,4;18,2;17,8;57;54;57;35;6;2,3;
2025/01/06;0700 UTC;0;957,9;957,9;957,4;;27,4;18,3;27,4;27,3;18,4;18,2;58;57;58;349;5,2;1,3;
2025/01/06;0800 UTC;,6;958,4;958,4;957,7;;24,7;21,5;27,4;24,6;21,5;18,3;83;58;83;66;5,3;,9;
2025/01/06;0900 UTC;0;958,9;959;958,4;9,1;24,8;21,3;24,9;24,6;21,8;21,1;84;81;81;16;2,1;,9;
2025/01/06;1000 UTC;0;959,7;959,7;958,9;216,4;26;20,7;26;24,8;21,7;20,5;82;73;73;63;1,8;,4;
2025/01/06;1100 UTC;0;960;960;959,7;863;27,5;19,4;27,7;26;21,2;19,4;74;61;61;129;2,7;1,2;
2025/01/06;1200 UTC;0;960,3;960,4;960;1628,4;28,9;18,6;29,2;27,2;20,1;18,5;63;53;54;86;4,8;2,9;
2025/01/06;1300 UTC;0;960,2;960,3;960,1;2000,9;30,2;18,5;30,4;28,8;18,9;18,2;54;49;50;48;6,5;2,5;
2025/01/06;1400 UTC;0;959,5;960,2;959,5;2872,7;31,5;17,6;32,9;29,8;18,7;17,2;51;41;43;37;6,2;1,8;
2025/01/06;1500 UTC;0;958,6;959,5;958,6;2403,3;32,6;16,7;32,8;31,1;18;16,7;44;39;39;76;4,5;1,6;
2025/01/06;1600 UTC;0;957,4;958,6;957,4;2540,2;33,5;15,3;34,5;32,7;17;15,2;39;32;34;77;7,8;1,7;
2025/01/06;1700 UTC;0;956,4;957,4;956,4;2976,2;35,9;12,2;36,6;33,4;15,6;12,2;34;24;24;121;6,4;2,6;
2025/01/06;1800 UTC;0;955,7;956,4;955,7;1898,7;36,1;7;36,6;34,9;12,2;5,7;25;15;17;74;8,2;3,8;
2025/01/06;1900 UTC;0;955,6;955,7;955,6;1015,4;34,9;10,8;36;34,6;12,2;6,9;25;17;23;94;8,2;3,1;
2025/01/06;2000 UTC;0;955,7;955,8;955,6;413,5;34,5;11,3;35;34,4;11,7;10,8;25;23;24;86;6,1;1,2;
2025/01/06;2100 UTC;0;956,2;956,2;955,6;84,3;30,3;18,5;34,5;30,3;18,5;11,3;49;24;49;270;7,8;3,2;
2025/01/06;2200 UTC;0;956,7;956,7;956,2;;29,4;18,9;30,3;29,4;18,9;18,5;53;49;53;278;7,4;3,4;
2025/01/06;2300 UTC;0;957,6;957,6;956,7;;29,1;18,7;29,4;29;19;18,7;54;53;54;238;6,9;1,5;
2025/01/07;0000 UTC;0;958,6;958,6;957,6;;28,2;18,7;29,1;28,2;18,7;18,6;56;54;56;276;4;1,6;
2025/01/07;0100 UTC;0;959,6;959,6;958,6;;28,2;18,8;28,3;27,9;19;18,7;58;56;57;39;4;1,7;
2025/01/07;0200 UTC;,2;959,4;959,9;959,4;;24,8;19,7;28,3;24,2;20,3;18,2;78;56;73;346;5,6;2,7;
2025/01/07;0300 UTC;,2;959,3;959,4;959,1;;24,8;20,9;25,1;24,4;21,2;19,7;81;73;79;66;5,6;1,3;
2025/01/07;0400 UTC;0;958,1;959,3;958,1;;24,3;21,4;25;24,3;21,7;20,8;84;78;84;266;2,6;1,2;
2025/01/07;0500 UTC;0;957,9;958,1;957,7;;24,7;20,9;24,8;24,3;21,6;20,7;85;79;80;172;1,9;,4;
2025/01/07;0600 UTC;0;958,3;958,4;957,9;;24,8;19,7;24,9;24,6;21,3;19,7;82;73;73;91;5,3;2,6;
2025/01/07;0700 UTC;1;958,6;958,6;958,3;;24;20,8;24,9;23,8;21,3;19,6;86;73;83;1;4,7;2,2;
2025/01/07;0800 UTC;12,4;959,6;959,6;958,6;;22,1;21,1;24;22,1;21,4;20,2;94;80;94;301;4,7;2,3;
2025/01/07;0900 UTC;1;959,9;959,9;959,5;9,6;22,4;19,7;22,8;22,1;21,8;19,6;98;84;85;11;7;4;
2025/01/07;1000 UTC;0;960,5;960,5;959,9;45,2;22,5;19,5;22,5;22,3;19,7;19;85;81;83;45;7;2;
2025/01/07;1100 UTC;0;960,7;960,8;960,4;125,8;23;20,4;23;22,4;20,6;19,6;88;83;86;281;3,3;,9;
2025/01/07;1200 UTC;0;961,4;961,4;960,7;744,5;24,9;19,3;24,9;23;20,9;19,2;86;71;71;68;2,3;1,3;
2025/01/07;1300 UTC;0;961,3;961,6;961,3;1694,5;26,6;20,3;26,7;24,8;20,5;18,9;74;67;68;167;3,5;1,4;
2025/01/07;1400 UTC;0;960,9;961,4;960,9;2995,3;28,2;19;28,2;26,1;20,4;18,4;70;56;57;198;3,5;1,3;
2025/01/07;1500 UTC;0;959,9;960,9;959,9;2985,4;29,9;18,8;30,2;27,7;19,5;17,5;58;49;51;115;4,2;1,4;
2025/01/07;1600 UTC;0;959;959,9;959;1957,2;29,9;17,7;30;29;18,7;17,3;53;47;48;90;4,3;1,7;
2025/01/07;1700 UTC;0;958,1;959;958,1;2242,1;31,1;17;31,8;29,9;18,6;16,5;48;42;43;159;4,4;1,4;
2025/01/07;1800 UTC;0;956,9;958,1;956,9;2677,3;32;15,6;32,8;31,1;18,4;15,4;45;37;37;184;6,2;1,6;
2025/01/07;1900 UTC;0;956,3;956,9;956,3;2034,6;32,9;17,4;33,1;31,6;17,4;14,2;40;33;40;7;5,4;1,5;
2025/01/07;2000 UTC;0;956,4;956,5;956,3;1200,7;30,1;18,4;33,1;30,1;18,7;16,6;50;37;50;269;7,3;3,5;
2025/01/07;2100 UTC;0;956,9;957;956,4;245,6;26,6;19,2;30,1;26,6;19,3;18;64;50;64;275;7,5;2,4;
2025/01/07;2200 UTC;0;957,4;957,4;956,9;;26,2;19,2;26,6;26,1;19,4;18,9;66;63;65;316;7,2;2,7;
2025/01/07;2300 UTC;0;957,7;957,7;957,4;;26,1;19,1;26,4;26;19,2;18,8;66;63;65;313;6;3,9;
2025/01/08;0000 UTC;0;958,5;958,5;957,7;;26,1;18,8;26,2;25,9;19,2;18,8;66;64;64;317;6,3;3,1;
2025/01/08;0100 UTC;0;959,4;959,4;958,5;;26,4;18,2;26,6;26,1;18,9;18,1;64;60;61;308;5,5;1,7;
2025/01/08;0200 UTC;0;959,2;959,5;959,2;;24,7;19,5;26,4;24,4;20;18,2;76;61;73;313;3,7;,4;
2025/01/08;0300 UTC;0;958,8;959,2;958,8;;25;18,4;26,7;24,6;19,5;17,4;73;57;67;299;2,9;1,3;
2025/01/08;0400 UTC;0;958,3;958,8;958,2;;23,6;20,1;25;23,6;20,1;18,5;81;67;81;268;2,2;,7;
2025/01/08;0500 UTC;0;958,7;958,7;958,3;;24,4;18,8;25,1;23,6;20,1;18,1;81;66;71;324;3,4;,6;
2025/01/08;0600 UTC;0;959,1;959,2;958,7;;25,9;17,9;25,9;24,4;19;17,9;72;61;61;44;7,6;4,3;
2025/01/08;0700 UTC;0;959,3;959,3;959;;24,6;19,1;26;24,5;19,1;17,8;72;61;71;57;7,6;,9;
2025/01/08;0800 UTC;0;959,8;959,8;959,3;;24,6;18,4;24,7;24,2;19;18,3;71;68;68;360;4,6;2,9;
2025/01/08;0900 UTC;0;960;960;959,7;30,2;24,6;18,5;24,8;24,5;18,5;18,3;69;68;69;359;6,2;3,1;
2025/01/08;1000 UTC;0;960,6;960,6;960;370,1;25,6;18,6;25,6;24,6;18,8;18,5;69;65;65;20;5,7;2,4;
2025/01/08;1100 UTC;0;960,9;960,9;960,6;1058;27,3;18,1;27,3;25,6;18,8;17,9;65;57;57;48;4,7;1,8;
2025/01/08;1200 UTC;0;960,9;961,1;960,9;2122,5;28,9;17,3;29,2;26,9;18,6;17,1;58;50;50;85;5,3;2,7;
2025/01/08;1300 UTC;0;960,5;960,9;960,5;2113,7;29,7;17,1;30,3;28,3;18;16,7;52;45;47;342;5,6;1,1;
2025/01/08;1400 UTC;0;960,1;960,5;960,1;2384,4;30,9;16,8;31,4;29,3;17,7;16,3;48;42;43;320;4,1;1,6;
2025/01/08;1500 UTC;0;959;960,1;959;2260,1;31,5;15,8;32,6;30,4;16,8;15,4;43;36;39;151;4,3;2,3;
2025/01/08;1600 UTC;0;957,8;959;957,8;2709,4;33,3;15,3;33,4;31,3;16,5;14,7;40;34;34;116;4,9;2,5;
2025/01/08;1700 UTC;0;956,7;957,8;956,7;3273,5;34;14,6;34,4;32,5;15,9;14,1;35;31;31;128;5;1,7;
2025/01/08;1800 UTC;0;955,8;956,7;955,8;2481,3;34,9;12,8;35,8;33,3;14,9;12,6;32;26;26;352;5;1,7;
2025/01/08;1900 UTC;0;955,5;955,8;955,5;1240,6;34,4;12,8;36;33,8;14;12,4;30;25;27;43;4,7;1,4;
2025/01/08;2000 UTC;0;955,8;955,8;955,4;557;33,6;13,3;34,4;33,6;13,6;12,5;30;27;29;25;4,9;2,4;
2025/01/08;2100 UTC;0;956,5;956,5;955,8;93,4;31,7;13,3;33,6;31,7;13,7;12,7;33;29;33;17;4,1;2,3;
2025/01/08;2200 UTC;0;956,9;956,9;956,5;;30,5;15,6;31,7;30,3;15,6;13,3;41;33;41;17;5,6;3,4;
2025/01/08;2300 UTC;0;957,6;957,6;956,9;;28,7;16,8;30,5;28,7;16,9;15,6;49;41;49;280;6,3;1,1;
2025/01/09;0000 UTC;0;957,8;957,8;957,6;;28,6;16,4;28,8;28,1;17,5;16,1;53;47;47;344;2,9;1,5;
2025/01/09;0100 UTC;0;958,2;958,2;957,8;;26,7;18,2;28,6;26,5;18,2;16;60;46;60;222;3,3;,5;
2025/01/09;0200 UTC;0;958;958,2;958;;25,6;17,9;27;25,6;18,6;16,6;65;53;63;196;2,5;1,4;
2025/01/09;0300 UTC;0;957,5;958;957,5;;25;17,6;26,3;24,9;18;16,8;64;57;63;241;3,7;1,8;
2025/01/09;0400 UTC;0;956,9;957,5;956,9;;25,8;18,1;25,8;24,8;18,3;17,5;67;61;63;238;2,7;1,6;
2025/01/09;0500 UTC;0;956,6;956,9;956,6;;25,9;18,5;25,9;25,5;18,9;18,1;67;63;64;312;2,7;1,1;
2025/01/09;0600 UTC;0;957,6;957,8;956,6;;26;18,3;26,5;25,8;18,4;16,4;64;54;63;92;5,7;1,2;
2025/01/09;0700 UTC;0;957,7;957,7;957,5;;26,6;18,1;26,6;26;18,1;17,8;63;60;60;52;5,4;3,1;
2025/01/09;0800 UTC;0;958,4;958,4;957,7;;25,7;18,2;26,6;25,7;18,3;18;64;59;64;1;7,1;4;
2025/01/09;0900 UTC;0;959;959;958,4;8,6;25,4;18,6;25,7;25,4;18,6;18,2;66;63;66;354;7,1;3,5;
2025/01/09;1000 UTC;0;959,3;959,3;959;187,5;25,8;18,7;25,8;25,4;18,8;18,6;66;65;65;18;8,1;3,5;
2025/01/09;1100 UTC;0;959,9;959,9;959,3;702,8;26,9;18,1;27,6;25,8;18,9;18,1;65;57;59;21;6,8;3,3;
2025/01/09;1200 UTC;0;960,1;960,1;959,9;781,2;28,3;18,3;28,3;26,8;18,7;18,1;60;54;55;42;5,7;3;
2025/01/09;1300 UTC;0;959,6;960,1;959,5;2048;29,9;17,1;31;28,3;18,7;17,1;56;44;46;30;6,9;2,9;
2025/01/09;1400 UTC;0;958,9;959,6;958,8;1958,1;32,6;16,9;32,6;29,9;17,4;16,6;46;39;39;15;5,8;3,2;
2025/01/09;1500 UTC;0;958;958,9;958;2859,3;32,9;15,2;33,6;31,7;17;14,9;40;33;34;101;6,4;1,6;
2025/01/09;1600 UTC;0;956,7;958;956,7;1986,4;33,2;14,8;34,2;32,7;16,4;14,5;36;31;33;19;7,7;2,1;
2025/01/09;1700 UTC;0;955,6;956,7;955,6;1092,5;33,2;14,8;33,8;32,8;15,9;14,5;35;33;33;23;5,5;3;
2025/01/09;1800 UTC;0;955,8;955,9;955,4;709,5;27;18,8;33,2;26,9;18,8;14,7;61;33;61;153;10,1;5,7;
2025/01/09;1900 UTC;0;955,6;955,8;955,4;773,7;27,1;19,2;27,9;26,5;19,8;19;65;60;62;134;10,1;3,2;
2025/01/09;2000 UTC;0;955,9;955,9;955,6;514,7;26,9;19,2;27,6;26,9;19,4;18,7;64;59;63;186;6,4;1,8;
2025/01/09;2100 UTC;0;956,4;956,4;955,9;124,1;26,3;19,2;27;26,2;19,5;19;66;63;65;264;3,1;,5;
2025/01/09;2200 UTC;0;956,9;956,9;956,4;;26,2;19,5;26,3;26,1;19,8;19,1;68;65;67;260;2,5;1;
2025/01/09;2300 UTC;0;957,4;957,4;956,9;;25,7;19,8;26,2;25,7;19,8;19,2;70;66;70;285;1,9;1;
2025/01/10;0000 UTC;0;957,9;957,9;957,4;;26,1;19,2;26,2;25,4;19,8;19,2;71;65;66;240;3,8;2,6;
2025/01/10;0100 UTC;0;958,2;958,2;957,9;;25,2;19,9;26,1;25,2;20,1;19,2;73;66;73;261;3,8;,4;
2025/01/10;0200 UTC;0;957,9;958,2;957,9;;24,9;20,3;25,3;24,9;20,4;19,9;76;72;76;241;1,6;,7;
2025/01/10;0300 UTC;0;957,6;957,9;957,6;;25,1;20,2;25,1;24,6;20,7;20,2;78;74;74;243;1,8;,7;
2025/01/10;0400 UTC;0;958,1;958,2;957,6;;25,4;19,9;25,8;25,1;20,2;19,6;74;69;71;344;3,4;1,2;
2025/01/10;0500 UTC;0;957,8;958,1;957,8;;25,4;20,1;25,7;25,3;20,1;19,7;73;70;73;171;2,5;1,2;
2025/01/10;0600 UTC;0;957,4;957,8;957,4;;25;20,9;25,5;25;20,9;20,1;78;72;78;232;2,4;,5;
2025/01/10;0700 UTC;0;957,9;957,9;957,4;;24,7;21,3;25,1;24,7;21,4;20,8;82;78;82;261;1,3;,5;
2025/01/10;0800 UTC;0;958,1;958,2;957,9;;24,4;22,1;24,7;24,4;22,4;21,3;88;81;87;309;2,5;,9;
2025/01/10;0900 UTC;0;958,9;959;958,1;10;24,3;22,4;24,6;24,2;22,5;22;89;86;89;200;2,2;1,1;
2025/01/10;1000 UTC;,4;959,7;959,7;958,9;68,6;24;22,4;24,5;23,9;22,5;21,7;91;85;91;229;2,9;1;
2025/01/10;1100 UTC;0;960,2;960,2;959,7;418,2;24,8;22,4;24,9;23,9;22,9;22,2;91;86;86;228;2;,7;
2025/01/10;1200 UTC;0;960,6;960,6;960,1;1555,3;27,7;19,7;27,8;24,8;22,9;19;87;60;62;5;4,7;2,1;
2025/01/10;1300 UTC;0;960,4;960,6;960,4;788,6;27;21,5;27,7;26,1;21,5;20,3;74;62;72;137;4,6;1,7;
2025/01/10;1400 UTC;0;959,8;960,4;959,7;2362,7;27,5;20,1;31;27,1;21,5;18,4;72;50;64;125;6,3;2,7;
2025/01/10;1500 UTC;0;959,4;959,9;959,4;2014;29,5;20,5;29,5;27,3;21;19,7;67;59;59;171;6,3;2,4;
2025/01/10;1600 UTC;0;958,5;959,4;958,5;3007,7;29,4;19,9;31;29;20,7;19,6;59;53;57;169;6,7;3,7;
2025/01/10;1700 UTC;,4;958,3;958,5;957,8;680,1;24,7;19,3;29,3;24,7;23,1;19,3;83;57;72;7;12,5;4,3;
2025/01/10;1800 UTC;,4;957,1;958,4;957;1378,2;26,6;19,9;26,6;23,4;21,6;18,8;83;67;67;69;12,5;2,7;
2025/01/10;1900 UTC;0;956,9;957,1;956,8;1203,8;26,8;20,7;27,9;26,6;20,7;19;69;60;69;92;5,4;2,1;
2025/01/10;2000 UTC;0;957,1;957,1;956,7;230,5;26,5;21,5;26,9;26,5;21,7;20,7;75;69;74;140;4,8;2,1;
2025/01/10;2100 UTC;0;957,9;957,9;957,1;39,5;26;21,9;26,5;26;22,1;21,5;79;74;78;243;3,5;1,4;
2025/01/10;2200 UTC;0;957,7;958,1;957,7;;25,8;21,7;26;25,8;22;21,7;80;78;78;357;3,3;,4;
2025/01/10;2300 UTC;,2;958,2;958,2;957,5;;24,8;23,1;25,9;24,8;23,1;21,8;90;78;90;329;3;1,8;
2025/01/11;0000 UTC;0;958,5;958,5;958,1;;24,1;23;24,9;24,1;23,4;22,8;94;90;94;258;3;,7;
2025/01/11;0100 UTC;0;959;959;958,5;;24,2;23,8;24,5;24,1;23,8;23;98;94;98;257;2,8;1,5;
2025/01/11;0200 UTC;0;958,8;959;958,8;;24,1;23,3;24,2;23,9;23,8;22,9;98;94;95;66;2,8;,5;
2025/01/11;0300 UTC;0;958,8;958,9;958,7;;24,1;23,7;24,2;24;23,8;23,1;98;94;98;317;1;,3;
2025/01/11;0400 UTC;0;958,6;958,8;958,5;;24,1;22,9;24,2;23,8;24,2;22,9;100;93;93;340;4,4;2,2;
2025/01/11;0500 UTC;0;957,8;958,6;957,8;;24,2;22,7;24,2;24;22,9;22,6;93;92;92;43;3,9;1,2;
2025/01/11;0600 UTC;0;958;958;957,8;;23,9;22,7;24,3;23,9;23;22,7;94;91;93;294;2,5;,9;
2025/01/11;0700 UTC;0;957,9;958;957,7;;24;22,4;24,1;23,9;22,9;22,4;93;91;91;47;2,5;,5;
2025/01/11;0800 UTC;0;958,5;958,5;957,8;;23,9;22,8;24,3;23,7;22,9;22,2;94;89;94;328;2,1;,6;
2025/01/11;0900 UTC;0;959;959;958,5;32,2;24,5;21,6;24,5;23,8;22,9;21,4;94;83;83;13;3,2;1,6;
2025/01/11;1000 UTC;0;959,5;959,5;959;299,7;25,8;20,7;25,8;24,5;21,8;20,5;84;73;73;43;3,1;,7;
2025/01/11;1100 UTC;0;959,9;959,9;959,4;765,2;27,3;19,9;27,6;25,8;20,9;19,5;74;63;64;42;5,6;3;
2025/01/11;1200 UTC;0;960;960,1;959,9;1625,1;29,8;18,7;30;27,3;20,2;18,7;64;51;51;27;6,4;3,9;
2025/01/11;1300 UTC;0;959,8;960,1;959,8;2510,8;30,4;18,1;31,1;29,4;19,4;17,9;52;46;48;37;6,9;4;
2025/01/11;1400 UTC;0;959,3;959,8;959,3;2321,7;31,2;17,5;32,6;30,4;18,8;17;48;41;44;25;7,6;3,6;
2025/01/11;1500 UTC;0;958,9;959,3;958,9;1838;31,9;16,6;32,8;31;17,8;16,3;45;38;40;56;7,7;3,4;
2025/01/11;1600 UTC;0;958,3;958,9;958,2;1135,6;31,8;16,5;32,9;31,8;16,9;15,8;40;36;40;25;6,7;3,1;
2025/01/11;1700 UTC;7,4;957,8;958,7;957,8;573,1;25,3;22;31,8;23,3;22,8;16,6;90;40;82;103;12,5;1,9;
2025/01/11;1800 UTC;0;957,1;957,8;957;896,5;25,7;22;25,9;25,2;22,9;21,5;84;77;80;63;5,6;3,3;
2025/01/11;1900 UTC;0;957,8;957,8;956,9;213,5;25,3;20,7;25,7;25,3;21,8;20;80;72;76;327;5,5;1,9;
2025/01/11;2000 UTC;3,2;958,4;958,6;957,8;15,1;23,3;22,1;25,6;23,2;22,2;20,6;93;75;93;323;8,3;,8;
2025/01/11;2100 UTC;1,4;958,9;959;958,4;14,6;22,7;21,7;23,4;22,6;23,3;21,5;100;92;94;49;4,9;2,2;
2025/01/11;2200 UTC;,2;958,7;958,9;958,5;;22,4;21,5;22,7;22,4;21,8;21,3;95;93;94;31;3,8;1,6;
2025/01/11;2300 UTC;0;959,7;959,8;958,7;;22,7;21,5;22,7;22,1;21,5;20,8;94;92;93;265;4;1,1;
2025/01/12;0000 UTC;0;959,5;959,7;959,4;;22,9;22,2;22,9;22,7;22,2;21,5;96;93;96;21;2,6;1,1;
2025/01/12;0100 UTC;0;960;960,1;959,5;;22,8;22;23;22,8;22,1;21,8;96;94;95;238;2,8;1,3;
2025/01/12;0200 UTC;0;960,1;960,5;960;;22,7;22,7;22,8;22,6;22,7;22;100;95;100;297;2,8;1,2;
2025/01/12;0300 UTC;0;959,7;960,1;959,7;;22,7;22,7;23;22,6;23;22,6;100;100;100;246;2,9;1,4;
2025/01/12;0400 UTC;0;959;959,7;959;;22,7;;22,8;22,7;;;;;;208;2,9;,6;
2025/01/12;0500 UTC;0;958,6;959;958,4;;22,7;;22,8;22,6;;;;;;39;1,5;,5;
2025/01/12;0600 UTC;0;958,8;958,8;958,6;;22,9;;22,9;22,7;;;;;;82;2,5;1,4;
2025/01/12;0700 UTC;0;958,7;958,8;958,5;;22,7;22,7;22,9;22,6;;;;;100;82;3,4;1,3;
2025/01/12;0800 UTC;0;958,6;958,8;958,6;;22,6;22,6;22,7;22,6;22,7;22,6;100;100;100;48;2,9;1,6;
2025/01/12;0900 UTC;0;959,4;959,4;958,6;11,2;22,8;22,8;22,9;22,6;22,9;22,6;100;100;100;92;2,9;1,1;
2025/01/12;1000 UTC;0;959,5;959,6;959,4;253,6;23,4;23,1;23,5;22,8;23,4;22,8;100;98;98;18;2,7;1,1;
2025/01/12;1100 UTC;0;960,2;960,2;959,5;1037,6;25,5;21,4;26;23,3;23,2;21,4;98;77;78;53;2,3;,9;
2025/01/12;1200 UTC;0;960,6;960,6;960,2;1455,2;27;20,9;27;25,5;22,4;20,2;80;68;69;45;4,2;1,6;
2025/01/12;1300 UTC;0;960,3;960,6;960,2;1188,8;27,7;20,5;27,7;27,1;21;19,8;69;63;65;48;6,4;2;
2025/01/12;1400 UTC;0;959,9;960,3;959,9;888,6;28,1;20,1;28,2;27,7;20,3;19,5;65;60;62;49;5,2;1,5;
2025/01/12;1500 UTC;0;959,4;959,9;959,4;500,5;26,7;21;28,1;26,6;21,4;18,9;72;59;71;180;3,3;1,2;
2025/01/12;1600 UTC;0;959;959,4;958,9;458,6;25,2;22,2;27,4;25,2;22,7;19,3;86;62;84;190;5,6;2,4;
2025/01/12;1700 UTC;2,4;958,7;959,1;958,5;173,2;22,9;22,8;25,2;22,8;23;21,9;100;83;99;264;8,8;3,8;
2025/01/12;1800 UTC;5,8;958,1;958,7;958,1;185,8;22,3;21,5;22,8;22,2;22,7;21,4;100;95;95;283;8,5;2,5;
2025/01/12;1900 UTC;,2;958,7;958,7;958,1;175,2;22,7;22,5;22,8;22,3;22,7;21,5;99;95;99;101;5,3;1,8;
2025/01/12;2000 UTC;0;958,6;958,7;958,4;91,6;22,8;22,8;22,8;22,5;22,8;22,2;100;98;100;89;3,2;,9;
2025/01/12;2100 UTC;,4;959;959;958,6;58,3;22,6;22,6;22,8;22,6;22,8;22,6;100;100;100;119;2,5;1,2;
2025/01/12;2200 UTC;,2;958,8;959;958,7;;22,4;;22,7;22,3;22,7;22,3;100;100;;182;2,1;,8;
2025/01/12;2300 UTC;0;959,6;959,6;958,8;;22,2;;22,4;22,1;;;;;;119;2,3;,8;
2025/01/13;0000 UTC;0;959,7;959,9;959,6;;22,4;;22,5;22,2;;;;;;34;1,8;1,2;
2025/01/13;0100 UTC;0;959,7;959,9;959,6;;22,3;;22,4;22,2;;;;;;17;2,6;1,4;
2025/01/13;0200 UTC;0;959,4;959,7;959,4;;22,2;;22,3;22,1;;;;;;63;2,2;1,1;
2025/01/13;0300 UTC;0;959;959,4;959;;22,2;;22,3;22,1;;;;;;299;2,1;,4;
2025/01/13;0400 UTC;0;958,5;959;958,5;;22,3;;22,3;22,1;;;;;;193;1;,8;
2025/01/13;0500 UTC;0;958,4;958,8;958,4;;22,2;;22,3;22,2;;;;;;177;1,5;,5;
2025/01/13;0600 UTC;0;958,1;958,4;958;;22,1;;22,2;22;;;;;;139;1,9;,9;
2025/01/13;0700 UTC;0;958;958,1;958;;22,2;;22,2;22;;;;;;148;1,9;,6;
2025/01/13;0800 UTC;,2;958,1;958,1;957,9;;22;;22,2;22;;;;;;182;1,9;1,2;
2025/01/13;0900 UTC;0;958,4;958,6;958,1;28,8;22,2;;22,2;22;;;;;;179;1,9;,6;
2025/01/13;1000 UTC;0;959,2;959,2;958,4;366,5;22,7;;22,9;22,1;;;;;;232;2,5;1,5;
2025/01/13;1100 UTC;0;959,2;959,3;959,2;703,8;24,5;22,9;24,5;22,7;23,2;22,5;100;90;90;22;2,9;,5;
2025/01/13;1200 UTC;0;959,4;959,5;959,2;1320,9;25,2;21,7;25,2;24,2;22,8;21,4;91;81;81;203;2,8;1,3;
2025/01/13;1300 UTC;0;959,4;959,5;959,4;2301,8;27,3;21;27,5;25,2;22,3;20,7;81;67;69;52;3,2;1,4;
2025/01/13;1400 UTC;0;959,1;959,5;959,1;2233,3;29;20,5;29,4;27,3;21,6;19,8;70;57;60;124;4,4;1,3;
2025/01/13;1500 UTC;0;958,1;959,1;958,1;3076,4;29,9;19,8;30,4;28,5;21,7;19,8;65;54;55;116;4,2;1,9;
2025/01/13;1600 UTC;11,2;958,2;958,4;957,9;819,7;22,2;22,2;30;22;22,2;19,8;100;55;100;351;12,1;3,4;
2025/01/13;1700 UTC;5;956,5;958,2;956,5;841,3;24,7;23,5;24,7;22;;;;;93;343;7,5;1,2;
2025/01/13;1800 UTC;0;956,1;956,6;956;441,5;24,9;22,7;25,1;24,5;23,7;22,7;94;87;87;258;2,9;1,5;
2025/01/13;1900 UTC;,2;955,2;956,1;955,2;212,9;24,1;22,6;24,9;24,1;23;22,5;93;87;91;230;3,7;1,3;
2025/01/13;2000 UTC;,2;955,8;955,8;955,2;197,3;24,2;23,1;24,4;23,9;23,2;22,3;94;89;94;84;3,3;1,2;
2025/01/13;2100 UTC;0;956,5;956,5;955,7;72,9;24,3;23,1;24,4;24,1;23,3;22,9;94;93;93;28;2,7;1,2;
2025/01/13;2200 UTC;0;957,4;957,4;956,5;;24,3;23,1;24,5;24,3;23,4;22,9;94;92;93;338;2,1;1,5;
2025/01/13;2300 UTC;0;958,3;958,3;957,4;;24,2;23,2;24,3;24,1;23,3;22,9;95;93;94;214;2,7;,5;
2025/01/14;0000 UTC;,2;959,1;959,1;958,3;;23,5;22,4;24,2;23,5;23,7;22,3;97;91;93;136;3,3;1,7;
2025/01/14;0100 UTC;13,8;959,1;959,3;959;;22,7;;23,5;22,6;;;;;;331;4,9;1,3;
2025/01/14;0200 UTC;3,4;958,9;959,3;958,9;;22,7;;22,7;22,6;;;;;;295;4,3;1,8;
2025/01/14;0300 UTC;1,8;958,3;958,9;958,3;;22,7;;22,8;22,7;;;;;;301;4,1;,7;
2025/01/14;0400 UTC;0;958;958,3;958;;22,6;22,6;22,8;22,6;;;;;100;285;3,1;,9;
2025/01/14;0500 UTC;0;957,6;958;957,6;;22,4;;22,6;22,4;;;;;;264;2,3;,6;
2025/01/14;0600 UTC;0;957,2;957,6;957,2;;22,5;;22,6;22,4;;;;;;230;1,8;,3;
2025/01/14;0700 UTC;0;957,3;957,3;957,2;;22,8;22,8;23;22,5;;;;;100;348;2,6;,9;
2025/01/14;0800 UTC;0;958,1;958,1;957,3;;22,5;;22,9;22,5;;;;;;231;2,2;1,4;
2025/01/14;0900 UTC;0;958,8;958,8;958,1;21,1;22,5;;22,5;22,4;;;;;;246;2,2;1,1;
2025/01/14;1000 UTC;0;959,3;959,3;958,8;296,2;23,4;23,4;23,5;22,5;;;;;100;344;2,2;,8;
2025/01/14;1100 UTC;0;959,8;959,8;959,3;680,5;24,4;22;24,5;23,4;23,4;21,8;100;86;86;324;3,6;1,9;
2025/01/14;1200 UTC;0;960,3;960,3;959,8;1205,9;25,7;21,5;25,7;24,4;22,4;21,3;87;78;78;303;3,5;1,5;
2025/01/14;1300 UTC;0;960,5;960,5;960,3;1493;25,8;22;26,3;25,5;22,9;21,4;82;77;79;253;5;2,2;
2025/01/14;1400 UTC;0;960;960,5;960;1311,9;26,5;21,8;26,5;25,8;22,3;21;80;73;76;260;5,6;1,8;
2025/01/14;1500 UTC;0;959,3;960;959,2;1731;26,5;20,5;27,7;26,4;21,9;20,5;76;66;70;249;7,3;3,3;
2025/01/14;1600 UTC;0;958,7;959,3;958,7;748,5;26,1;21,3;26,7;26,1;21,3;20,2;75;69;75;212;7,3;2,4;
2025/01/14;1700 UTC;2,4;957,9;958,7;957,9;246,4;23,7;23;26,1;23,6;23,1;21;96;74;96;45;4,2;2,2;
2025/01/14;1800 UTC;,4;956,6;957,9;956,6;745,1;24,3;23,3;24,4;23,5;24;22,8;98;94;94;21;3,5;1,9;
2025/01/14;1900 UTC;0;956,1;956,6;956;992,5;25,7;23,1;25,7;24,3;23,8;22,2;95;83;86;203;3,2;1;
2025/01/14;2000 UTC;0;956,3;956,3;956,1;704,9;25,8;21,7;26,1;25,5;22,7;21,6;85;77;78;23;2,2;,9;
2025/01/14;2100 UTC;0;957,4;957,4;956,3;209,6;25,4;22,3;26;25,4;22,4;21,5;83;77;83;74;1,5;,7;
2025/01/14;2200 UTC;0;958,4;958,4;957,4;;24,6;22,9;25,4;24,6;22,9;22,1;90;82;90;301;1,5;1;
2025/01/14;2300 UTC;0;959,3;959,3;958,4;;24;23,3;24,6;24;23,4;23;96;90;96;355;1,5;1,1;
2025/01/15;0000 UTC;0;959,7;959,7;959,3;;23,8;23,2;24,1;23,8;23,4;23,2;97;95;96;3;1,6;1;
2025/01/15;0100 UTC;0;960,2;960,2;959,7;;24;23,6;24;23,8;23,6;23,2;98;96;98;14;1,6;,4;
2025/01/15;0200 UTC;0;959,9;960,2;959,9;;23,9;23,9;24,1;23,8;24;23,5;100;97;100;171;1,3;,6;
2025/01/15;0300 UTC;0;959,5;959,9;959,5;;23,8;23,8;23,9;23,7;23,9;23,7;100;100;100;9;1,4;,9;
2025/01/15;0400 UTC;0;959,1;959,5;959,1;;23,8;;24;23,7;;;;;;178;1,4;,2;
2025/01/15;0500 UTC;,2;958,9;959,1;958,8;;23,8;;23,9;23,6;23,9;23,6;100;100;;102;1,7;1,1;
2025/01/15;0600 UTC;0;958,8;958,9;958,7;;23,2;23,2;23,9;23,2;;;;;100;117;5,1;1,2;
2025/01/15;0700 UTC;0;959;959;958,5;,8;21,8;21;23,1;21,7;22,8;20,8;100;95;95;14;6,7;3,3;
2025/01/15;0800 UTC;,8;959,7;959,7;959;;21,5;21,5;21,8;21,5;21,7;20,8;100;95;100;2;5,6;1,2;
2025/01/15;0900 UTC;3,8;960,5;960,5;959,7;;21,2;;21,6;21,2;21,6;21,2;100;100;;356;2,1;1;
2025/01/15;1000 UTC;8,8;961,5;961,5;960,5;24,1;21,2;;21,4;21,2;;;;;;348;2,5;1;
2025/01/15;1100 UTC;1,2;962,2;962,2;961,5;248,7;21,5;;21,6;21,2;;;;;;248;2,2;1,1;
2025/01/15;1200 UTC;,6;962,6;962,6;962,2;727,9;22;;22;21,5;;;;;;263;3,2;,8;
2025/01/15;1300 UTC;,2;962,5;962,7;962,5;1051,7;22,6;21,6;22,8;21,9;22,6;21,6;100;94;94;263;3,7;1;
2025/01/15;1400 UTC;0;962,1;962,5;962,1;1321,9;23,1;21,6;23,5;22,6;22,3;21,3;95;90;91;282;5,5;1,9;
2025/01/15;1500 UTC;0;961,7;962,1;961,7;1370,7;23,3;20,7;23,8;23,1;22,1;20,7;93;85;85;274;5,5;1,6;
2025/01/15;1600 UTC;0;960,9;961,7;960,9;1431,2;23,9;21;24,2;23,3;21,7;20,7;88;82;84;262;5,4;1,6;
2025/01/15;1700 UTC;,8;959,9;960,9;959,9;825,2;23,4;21,7;24,2;23,3;21,9;20,7;91;82;90;257;4;,9;
2025/01/15;1800 UTC;,6;959,4;959,9;959,4;467,5;23,7;21,5;23,8;23,3;22;21,2;91;87;88;42;2,2;,3;
2025/01/15;1900 UTC;0;959,1;959,4;959,1;496,6;23,6;21,7;23,8;23,5;22,5;21,2;93;87;89;59;1,8;,8;
2025/01/15;2000 UTC;,2;959,1;959,1;959;474,5;23,9;21,9;24,1;23,5;22,3;21,5;90;88;89;51;2,2;1,2;
2025/01/15;2100 UTC;0;959,5;959,5;959,1;198,1;23,7;22,3;24;23,7;22,3;21,8;92;89;92;26;2,2;,8;
2025/01/15;2200 UTC;0;960,1;960,1;959,5;0;23,4;22,4;23,7;23,4;22,4;22,1;94;92;94;50;1,7;1,2;
2025/01/15;2300 UTC;0;960,7;960,7;960,2;;23,3;22,7;23,5;23,3;22,8;22,3;96;93;96;47;1,7;1,1;
2025/01/16;0000 UTC;0;961,2;961,2;960,7;;23;23;23,3;23;23,1;22,7;100;96;100;2;2;,8;
2025/01/16;0100 UTC;0;961,4;961,5;961,2;;22,7;;23;22,7;23;22,7;100;100;;291;1,3;,3;
2025/01/16;0200 UTC;0;961,2;961,5;961,2;;22,7;22,7;22,9;22,7;;;;;100;322;1,7;,9;
2025/01/16;0300 UTC;0;960,8;961,2;960,8;;22,8;22,7;22,8;22,6;22,8;22,6;100;99;99;297;2;,7;
2025/01/16;0400 UTC;0;960,6;960,9;960,6;;22,6;21,3;22,9;22,6;22,6;21,2;99;92;92;15;2,9;,8;
2025/01/16;0500 UTC;0;960,5;960,6;960,4;;22,9;21,2;22,9;22,6;21,5;21,1;93;89;91;264;2,3;,8;
2025/01/16;0600 UTC;0;960,4;960,5;960,4;;22,5;21,8;23;22,5;21,8;21,1;96;89;96;359;2,3;1;
2025/01/16;0700 UTC;0;960,5;960,5;960,2;;22,5;21,8;22,5;22,2;22,3;21,7;100;95;96;111;1,8;,6;
2025/01/16;0800 UTC;0;960,7;960,7;960,5;;22,3;;22,5;22,2;22,4;21,8;100;96;;40;1,1;,2;
2025/01/16;0900 UTC;0;960,9;960,9;960,7;13,1;21,8;;22,3;21,6;;;;;;335;1;,7;
2025/01/16;1000 UTC;0;962;962,1;960,9;197,3;22,4;;22,5;21,7;;;;;;67;1,3;,8;
2025/01/16;1100 UTC;0;962,4;962,4;962;572,7;23,5;21,9;23,5;22,3;;;;;91;44;2,3;1,3;
2025/01/16;1200 UTC;0;962,4;962,5;962,4;686,5;24,1;21,8;24,1;23,4;22,4;21,2;92;85;87;84;2,9;1,4;
2025/01/16;1300 UTC;0;962,5;962,5;962,4;1476;25,1;20,8;25,6;24,1;22,5;20,4;87;75;77;135;2,9;1,2;
2025/01/16;1400 UTC;0;962,1;962,5;962;1817,8;26,5;19,6;26,7;25;21,8;19,1;79;65;66;97;3,3;1,6;
2025/01/16;1500 UTC;0;961,6;962,1;961,6;1522,9;26,6;19,5;26,8;26,2;20,6;18,9;70;63;65;99;3,9;1,6;
2025/01/16;1600 UTC;0;960,9;961,6;960,9;1430,6;26,9;19,6;27;26,4;20,5;19;69;63;64;93;3,5;1,6;
2025/01/16;1700 UTC;0;960;960,9;960;1594,5;27,6;20,1;27,8;26,8;20,7;19,1;67;61;64;67;3,6;,9;
2025/01/16;1800 UTC;0;959,4;960;959,4;1733,1;28,4;19,3;28,4;27,3;20,4;18,6;64;57;58;120;4,2;1,5;
2025/01/16;1900 UTC;0;959,2;959,4;959,2;1012,1;27,9;19,2;28,6;27,9;20;18,2;60;55;59;151;3,8;1,5;
2025/01/16;2000 UTC;0;959,2;959,4;959;567;27,4;19,2;28;27,4;19,5;17,8;62;54;61;176;4;2,2;
2025/01/16;2100 UTC;0;959,5;959,5;959,1;263,9;26,1;20,3;27,4;26,1;20,5;19;71;60;71;186;4,5;1,5;
2025/01/16;2200 UTC;0;959,8;959,8;959,4;;24,7;21,5;26,1;24,7;21,5;20,3;82;71;82;238;3,2;,4;
2025/01/16;2300 UTC;0;960,6;960,6;959,8;;23,9;22;24,7;23,9;22;21,1;89;82;89;3;2,1;1,3;
2025/01/17;0000 UTC;0;961,2;961,2;960,5;;22,9;22;23,9;22,9;22,4;22;95;89;94;340;1,8;,5;
2025/01/17;0100 UTC;0;961,7;961,7;961,2;;22,4;21,6;23,1;22,4;22,2;21,6;96;94;95;12;2,6;1,1;
2025/01/17;0200 UTC;0;961,7;961,8;961,6;;22,3;22,1;22,5;22,2;22,1;21,5;99;94;99;275;1,6;,3;
2025/01/17;0300 UTC;0;961,1;961,7;961,1;;22,2;22,2;22,3;22;22,3;22;100;99;100;134;1,6;,9;
2025/01/17;0400 UTC;0;961;961,1;960,9;;21,9;;22,2;21,8;;;;;;226;1,8;,7;
2025/01/17;0500 UTC;0;961,3;961,3;961;;22,4;;22,4;21,9;;;;;;28;2;1,3;
2025/01/17;0600 UTC;0;961;961,3;960,9;;22,5;;22,6;22,4;;;;;;16;1,8;,6;
2025/01/17;0700 UTC;0;961,1;961,1;960,9;;22,7;;22,7;22,5;;;;;;31;1,6;,4;
2025/01/17;0800 UTC;,4;961,2;961,3;961,1;;22,3;21,1;22,8;22,2;22,8;21,1;100;93;93;153;4,8;1,3;
2025/01/17;0900 UTC;0;962;962;961,2;16,3;22,5;22,5;22,5;22,2;22,5;21,1;100;93;100;280;2,9;,4;
2025/01/17;1000 UTC;0;962,8;962,8;962;217,7;23;21,9;23;22,5;22,8;21,7;100;93;94;142;3,7;1,6;
2025/01/17;1100 UTC;0;963,2;963,3;962,8;804,8;23,5;20,5;23,6;22,9;21,9;20,5;94;83;83;137;4,9;2,4;
2025/01/17;1200 UTC;0;963,2;963,2;963,1;883;24,1;20,5;24,2;23,4;21,1;20,3;86;80;80;130;5;2,2;
2025/01/17;1300 UTC;0;963,2;963,3;963,1;871,6;24,8;20,9;24,8;24,1;20,9;20,1;81;76;79;138;4,1;2,2;
2025/01/17;1400 UTC;0;962,6;963,2;962,6;1893,2;26,3;21;26,3;24,6;21,2;20,1;79;70;73;172;4,7;2,3;
2025/01/17;1500 UTC;0;962;962,6;962;3173,7;27,2;19,3;28;26,3;21,6;19,2;74;60;62;169;5,9;2,2;
2025/01/17;1600 UTC;0;961;962;961;3185,9;29,1;18,5;29,5;27,2;20,8;18,2;64;53;53;167;6,1;3,1;
2025/01/17;1700 UTC;0;960,2;961;960,2;3438,6;29,9;18,3;30,4;28,9;19,8;18,1;57;49;50;166;6,6;3;
2025/01/17;1800 UTC;0;959,7;960,2;959,7;1938,7;29,7;18,1;30,8;29,3;19,2;17,7;54;46;50;113;6,1;2,7;
2025/01/17;1900 UTC;0;959;959,7;959;1600,7;30,7;16,9;30,9;29,6;18,8;16,2;51;42;44;178;6;3,7;
2025/01/17;2000 UTC;0;959,3;959,3;958,9;1167,4;30,2;16,4;31;30;17,9;16,1;46;42;43;148;6,3;2,6;
2025/01/17;2100 UTC;0;959,7;959,7;959,3;352,6;29,1;16,2;30,3;29,1;16,9;16;46;43;46;137;5,6;2,1;
2025/01/17;2200 UTC;0;960,2;960,2;959,7;2,2;27,1;17,3;29,1;27,1;17,3;16,3;55;46;55;65;3,8;1,3;
2025/01/17;2300 UTC;0;960,4;960,4;960,2;;25,8;17,9;27,2;25,8;17,9;16,8;62;54;62;50;3,1;1,4;
2025/01/18;0000 UTC;0;961,2;961,2;960,4;;25,3;18,2;25,7;25;18,5;17,9;67;62;65;20;2,7;1,9;
2025/01/18;0100 UTC;0;961,4;961,4;961,2;;24,2;19,5;25,4;24,1;19,9;18,1;77;64;75;166;2,6;,3;
2025/01/18;0200 UTC;0;961,3;961,5;961,2;;23,1;20,6;24,2;23,1;20,9;19,6;87;75;86;9;2,5;,6;
2025/01/18;0300 UTC;0;960,7;961,3;960,6;;22,2;21,2;23,1;22,2;21,3;20,4;94;85;94;266;1,1;,5;
2025/01/18;0400 UTC;0;960,1;960,7;960,1;;21,5;20,5;22,2;21,5;21,2;20,3;95;92;94;245;1,4;,2;
2025/01/18;0500 UTC;0;960,5;960,6;960,1;;21,9;20,7;21,9;21,3;20,9;20,4;97;93;93;167;4;1,5;
2025/01/18;0600 UTC;0;960,6;960,7;960,4;;21,9;19,2;22,4;21,9;20,7;19,2;93;85;85;58;2,8;1;
2025/01/18;0700 UTC;0;960,8;960,8;960,6;;21,8;19;22,1;21,6;19,3;19;86;83;84;86;2;1;
2025/01/18;0800 UTC;0;961,5;961,5;960,8;;21,5;19,3;21,9;21,5;19,3;19;87;84;87;78;2,9;1,2;
2025/01/18;0900 UTC;0;962;962;961,5;28;21,7;19,7;21,7;21,3;19,8;19,3;91;87;89;84;3,2;1,6;
2025/01/18;1000 UTC;0;962,6;962,6;962;368,7;22,4;19,8;22,5;21,7;20,1;19,2;89;83;85;100;3,2;1,1;
2025/01/18;1100 UTC;0;963;963;962,6;704,8;23,3;19,6;23,3;22,4;20,3;19,4;86;80;80;126;4,2;2;
2025/01/18;1200 UTC;0;963,3;963,3;963;1431,8;24,9;18,8;25;23,3;19,9;18,1;80;67;69;80;5,7;2,3;
2025/01/18;1300 UTC;0;963;963,3;963;1651,5;26,1;18,2;27;24,8;19,5;17,9;71;60;62;83;4,6;2,1;
2025/01/18;1400 UTC;0;962,4;963,1;962,4;2533,5;27,4;18,1;28,3;25,9;19,1;17,2;64;55;57;65;4,7;1,9;
2025/01/18;1500 UTC;0;961,7;962,4;961,7;2361,3;28,8;18,7;28,9;27,2;18,8;17,3;58;52;55;153;4,5;2,3;
2025/01/18;1600 UTC;0;961;961,8;961;1890,1;29,7;18,4;29,7;28,2;18,7;17,1;55;50;51;170;4,7;2;
2025/01/18;1700 UTC;0;960,1;961,1;960,1;2801,9;29,3;17,7;30,3;29,1;18,8;16,8;53;45;50;130;5,7;2,4;
2025/01/18;1800 UTC;0;959,3;960,1;959,3;2441,5;30,3;17,2;30,5;29;18,1;16,6;51;44;45;180;7,3;3,7;
2025/01/18;1900 UTC;0;958,9;959,4;958,9;2123,9;30,1;16,8;30,7;29,9;18;16,3;48;43;45;175;7,3;2,5;
2025/01/18;2000 UTC;0;958,9;959;958,8;734,7;29,1;17,4;30,2;29,1;17,9;16,6;50;45;49;186;5,3;2,7;
2025/01/18;2100 UTC;0;959,5;959,5;958,8;269,5;28,5;17,3;29,1;28,5;17,9;17,1;52;49;51;148;4,6;1,4;
2025/01/18;2200 UTC;0;959,8;959,9;959,3;,5;26,4;18,2;28,5;26,2;19;17,3;65;51;61;110;2,7;,5;
2025/01/18;2300 UTC;0;960,4;960,4;959,8;;24,9;19,6;26,7;24,8;19,7;17,7;73;59;73;12;1,5;1,1;
2025/01/19;0000 UTC;0;961;961,1;960,4;;23,8;19,2;24,9;23,8;20,2;19,2;80;73;76;335;2,3;1,4;
2025/01/19;0100 UTC;0;961,3;961,3;961;;23,5;19,1;24,3;23,3;19,8;18,4;80;70;77;359;2,5;1,5;
2025/01/19;0200 UTC;0;961,2;961,4;961,2;;22,7;20,4;23,6;22,7;20,4;19;87;76;87;218;2,3;,3;
2025/01/19;0300 UTC;0;960,7;961,2;960,7;;22,7;20,5;22,8;22,4;20,9;20,3;90;86;87;69;1,2;,6;
2025/01/19;0400 UTC;0;960,6;960,7;960,5;;22,9;21,1;23,2;22,5;21,4;20,6;93;86;90;154;1,5;1;
2025/01/19;0500 UTC;0;960,2;960,6;960,2;;23;21,5;23;22,7;21,5;20,9;92;89;91;357;1,7;1,2;
2025/01/19;0600 UTC;0;960,3;960,3;960,1;;23,1;21,7;23,2;22,8;21,8;21,4;93;91;91;336;1,8;,7;
2025/01/19;0700 UTC;0;960,8;960,8;960,1;;23,4;20,5;23,9;22,8;22;20,2;93;80;84;85;4,8;1,4;
2025/01/19;0800 UTC;,4;961,1;961,1;960,8;;22,5;21,3;23,4;22,5;21,5;20,6;93;84;93;325;4,1;1,4;
2025/01/19;0900 UTC;1;961,2;961,2;961,1;5,6;21,8;21,1;22,5;21,8;21,4;20,9;96;93;95;324;5,5;2;
2025/01/19;1000 UTC;0;961,5;961,5;961,1;115,2;22,1;21,5;22,1;21,8;21,5;20,9;96;94;96;222;3,9;1,9;
2025/01/19;1100 UTC;0;962,3;962,3;961,5;235,6;22,8;22,3;22,8;22;22,7;21,5;100;96;97;229;3,5;,8;
2025/01/19;1200 UTC;0;962,7;962,7;962,3;364,4;23,6;22,2;23,6;22,8;22,4;21,7;97;91;92;159;1,8;,8;
2025/01/19;1300 UTC;0;962,9;962,9;962,7;438,8;23,8;21,7;24,1;23,5;22,1;21,4;92;86;88;154;2,4;1,3;
2025/01/19;1400 UTC;0;962,4;962,9;962,4;1165,2;24,9;21,4;24,9;23,7;22;21;88;80;81;173;3,1;1,4;
2025/01/19;1500 UTC;0;961,6;962,4;961,6;1964,2;26,2;20,2;26,9;24,7;21,9;20,1;82;67;69;221;4,8;2,3;
2025/01/19;1600 UTC;0;960,8;961,6;960,8;2565,4;27,4;20,6;27,6;26;20,9;19,7;72;63;67;253;5,4;1,3;
2025/01/19;1700 UTC;0;960,2;960,8;960,2;2226,4;26,9;20,5;28,4;26,9;21,2;19,6;69;61;68;237;6,7;2,1;
2025/01/19;1800 UTC;0;959,6;960,2;959,6;1063,6;26,7;19,7;27,3;26,6;21,2;19,6;70;65;65;250;5,3;1,3;
2025/01/19;1900 UTC;,2;959,4;959,6;959,4;889,1;26,2;20,7;27,1;26,1;21,5;19,4;76;64;72;98;4,7;,5;
2025/01/19;2000 UTC;,2;959,3;959,5;959,3;367,7;25,4;23;26,4;25,1;23,1;20,9;87;72;87;29;3,2;1,4;
2025/01/19;2100 UTC;0;959,8;959,8;959,3;90,7;24,7;22,5;25,4;24,7;23,1;22,3;88;84;87;75;2,4;1,6;
2025/01/19;2200 UTC;0;960,3;960,3;959,7;;23,7;22,8;24,7;23,7;23;22,4;95;87;95;147;3,2;1,3;
2025/01/19;2300 UTC;0;960,6;960,6;960,3;;23,6;23,1;23,8;23,6;23,2;22,7;97;94;97;23;2,5;1,3;
2025/01/20;0000 UTC;0;961,5;961,5;960,6;;23,7;22,3;23,7;23,5;23,3;22,3;98;92;92;342;2,6;,8;
2025/01/20;0100 UTC;0;961,7;961,8;961,5;;23,7;22,4;23,8;23,6;22,4;21,7;92;89;92;181;1,6;,2;
2025/01/20;0200 UTC;0;961,6;961,8;961,6;;23,6;22,4;23,8;23,5;22,5;22;93;90;93;14;1,2;,7;
2025/01/20;0300 UTC;0;961,1;961,6;961,1;;24,1;20,4;24,2;23,5;22,3;20,3;93;79;80;334;3,5;2;
2025/01/20;0400 UTC;0;960,5;961,1;960,5;;24;20,8;24,3;24;20,8;20,2;82;78;82;341;3,5;1;
2025/01/20;0500 UTC;0;960,3;960,5;960,3;;23,7;21;24;23,7;21;20,6;85;81;85;322;3,6;,5;
2025/01/20;0600 UTC;0;960,2;960,4;960,2;;23;20,8;23,7;23;21,2;20,7;87;85;87;302;2,1;,4;
2025/01/20;0700 UTC;0;960,4;960,4;960,1;;23,3;19,8;23,4;22,9;20,8;19,6;87;79;81;39;5,1;1,1;
2025/01/20;0800 UTC;0;961,1;961,1;960,4;;22,7;20;23,3;22,7;20;19,6;85;80;84;6;3,8;1,1;
2025/01/20;0900 UTC;0;961,8;961,8;961;8,8;22,5;20,7;22,8;22,3;20,7;19,9;90;84;90;123;2,6;,8;
2025/01/20;1000 UTC;0;962,7;962,7;961,7;209,7;23;21,2;23;22,5;21,4;20,7;92;89;89;144;1,8;1,1;
2025/01/20;1100 UTC;0;962,5;962,7;962,3;587;24,6;21,1;24,7;23;21,6;20,5;90;80;81;30;2,2;1,3;
2025/01/20;1200 UTC;0;963,2;963,2;962,5;1097,6;25;20,5;25;24,4;21,4;20;82;75;76;120;3,9;1,3;
2025/01/20;1300 UTC;0;963,3;963,4;963,2;1105,6;25,3;21;25,3;24,6;21,9;20,2;84;74;77;71;3,7;,9;
2025/01/20;1400 UTC;0;962,7;963,3;962,7;2112,8;27,3;20,9;27,3;25,1;21,7;19,9;78;68;68;133;3;1,5;
2025/01/20;1500 UTC;0;962;962,7;962;2607,3;27,8;21,1;27,8;26,4;21,2;19,3;69;62;67;134;3,7;1,5;
2025/01/20;1600 UTC;0;961,1;962;961,1;3526;28,5;19,5;29,6;27,1;20,9;18,7;67;54;58;178;4,5;2,5;
2025/01/20;1700 UTC;0;960,1;961,1;960;2483,2;28,6;19;29,8;28,1;19,8;18,1;59;51;56;130;6,2;2,8;
2025/01/20;1800 UTC;0;959,2;960,1;959,2;2211,1;29,1;18;29,7;28,2;20;17,4;60;50;51;112;7,5;2,9;
2025/01/20;1900 UTC;0;959;959,2;959;2163,5;30,1;18,9;30,1;28,8;19,5;17,6;55;50;51;81;5,5;2,3;
2025/01/20;2000 UTC;0;959;959;958,8;1228,3;28,9;18,7;30,2;28,8;19,5;18,1;56;51;54;108;5,5;2,1;
2025/01/20;2100 UTC;0;959,2;959,2;959;160,2;27,4;19,8;28,9;27,4;19,9;18,1;64;53;63;14;4,2;1,4;
2025/01/20;2200 UTC;0;959,8;959,8;959,2;;26;20,6;27,4;26;21;19,9;74;63;72;335;2,7;,8;
2025/01/20;2300 UTC;0;960,6;960,6;959,8;;25;21,4;26,3;25;21,4;20,5;81;71;81;265;3,1;1,1;
2025/01/21;0000 UTC;0;961,1;961,1;960,6;;23,7;22;25;23,7;22,1;21,4;91;81;91;258;2,5;,2;
2025/01/21;0100 UTC;0;961,4;961,4;961,1;;23,1;22,3;23,7;23,1;22,6;22,1;96;91;96;265;1,3;,3;
2025/01/21;0200 UTC;0;961,3;961,5;961,2;;23,5;21,9;23,5;23;22,6;21,9;97;91;91;343;2,2;1,2;
2025/01/21;0300 UTC;0;961,2;961,3;961,2;;22,5;21,8;23,7;22,5;21,9;21,4;96;88;96;254;2,1;,4;
2025/01/21;0400 UTC;0;961,1;961,6;961,1;;22,5;21,8;22,5;22,3;22,1;21,8;98;96;96;245;3,8;,9;
2025/01/21;0500 UTC;0;959,7;961,1;959,7;;22,4;21,7;22,7;22,4;21,9;21,5;96;94;96;64;2,8;,4;
2025/01/21;0600 UTC;0;960,4;960,4;959,5;;22,4;21,5;22,5;22,1;21,8;21,4;97;94;95;205;2,1;,6;
2025/01/21;0700 UTC;0;960,2;960,5;960,1;;22,3;21,9;22,4;22,1;21,9;21,2;97;94;97;45;1,1;,6;
2025/01/21;0800 UTC;3,4;962,1;962,1;960,2;;20,9;20,7;22,8;20,9;22,3;20,1;99;92;99;88;9,4;4,9;
2025/01/21;0900 UTC;9,2;961,8;962,2;961,4;1,2;21;;21;20,7;;;;;;7;8,9;,8;
2025/01/21;1000 UTC;,4;962,8;962,8;961,8;86,3;21,2;;21,5;20,8;;;;;;32;2,9;1,8;
2025/01/21;1100 UTC;0;962,7;963,5;962,7;356,6;21,9;;21,9;21,1;;;;;;33;3,6;1,7;
2025/01/21;1200 UTC;0;963,4;963,4;962,1;1318,4;24;22,2;24,6;21,9;23,1;21,8;100;88;90;43;4,1;2,2;
2025/01/21;1300 UTC;0;963;963,4;963;2788,2;27,7;21,5;27,9;24;23,4;20,4;93;67;69;173;4,3;1;
2025/01/21;1400 UTC;0;963,2;963,4;963;2300,9;28,4;19,9;28,4;26;21,6;19,5;75;60;60;69;3,7;1,6;
2025/01/21;1500 UTC;0;962,3;963,2;962,3;3297,2;28,8;19,4;29,1;27,7;20,9;18,7;64;55;57;190;3,9;1,5;
2025/01/21;1600 UTC;0;961,5;962,3;961,5;2986,4;29,5;19,1;29,9;28,8;21;18,6;60;52;54;161;4,5;1,9;
2025/01/21;1700 UTC;0;960,7;961,5;960,7;2367,8;31;19,6;31;29,4;20,2;18,5;57;50;51;67;3,7;1,4;
2025/01/21;1800 UTC;0;959,6;960,7;959,6;2914,5;31,5;19,2;32,2;30,3;21,4;18,2;56;46;48;101;3,8;1,3;
2025/01/21;1900 UTC;0;959;959,6;959;2156,3;30,8;18,4;31,6;30,7;19,7;17,8;50;45;47;91;4,4;1,7;
2025/01/21;2000 UTC;0;958,5;959;958,5;1103,1;31;18,4;31,4;30,5;19,5;17,4;51;45;47;116;3,6;1,6;
2025/01/21;2100 UTC;0;959;959;958,5;266,3;29,4;19,1;31,1;29,4;19,2;18;54;46;54;102;3,7;,8;
2025/01/21;2200 UTC;0;959,6;959,8;959;;26,9;20,4;29,4;26,9;21,7;18,9;71;53;67;353;2,5;1,7;
2025/01/21;2300 UTC;0;960,1;960,2;959,6;;25,5;21,5;26,9;25,5;21,5;20,3;79;67;79;350;2,6;1,2;
2025/01/22;0000 UTC;0;960,8;960,8;960,1;;25,4;20,1;25,9;25,3;21,4;19,9;79;70;73;359;3,5;1,6;
2025/01/22;0100 UTC;0;961,2;961,2;960,8;;24,4;20,6;25,3;24,3;20,9;19,8;81;73;79;2;2,5;,9;
2025/01/22;0200 UTC;0;961;961,4;961;;25,2;20,1;25,7;24,4;20,6;19,5;79;69;73;18;3,7;2;
2025/01/22;0300 UTC;0;960,8;961;960,6;;24;21,1;25,2;24;21,1;20;84;73;84;179;3;,6;
2025/01/22;0400 UTC;0;960,5;960,9;960,5;;23;21,8;24;23;22,1;21,2;93;84;93;258;2;,8;
2025/01/22;0500 UTC;0;960,2;960,5;960,2;;23,5;21,9;23,6;23;22;21,5;93;89;90;171;1,6;,2;
2025/01/22;0600 UTC;0;960,3;960,4;960,1;;23,3;22,4;23,7;23,2;22,4;21,8;95;90;95;242;2,8;,6;
2025/01/22;0700 UTC;0;960,6;960,9;960,1;;23,6;21,9;23,6;23,1;22,8;21,8;96;90;90;22;3,9;1,4;
2025/01/22;0800 UTC;,2;960,9;960,9;960,5;;23,3;22,2;23,6;23,2;22,3;21,6;94;89;94;138;4,3;1,2;
2025/01/22;0900 UTC;0;961,7;961,7;960,9;16,7;23,1;23,1;23,3;22,8;23,1;22,2;100;94;100;37;2;,9;
2025/01/22;1000 UTC;0;962,3;962,3;961,7;241,1;24,4;22,3;24,4;23,1;23,3;21,9;100;87;88;90;2;,5;
2025/01/22;1100 UTC;0;962,9;963;962,2;574,8;25,6;22,6;25,6;24,4;22,8;21,4;88;83;83;324;4,5;2,4;
2025/01/22;1200 UTC;0;962,8;962,9;962,6;2407;27,7;21,1;28,3;25,6;22,8;19,8;83;62;68;32;5,4;3;
2025/01/22;1300 UTC;0;962,7;962,9;962,7;2766,3;28,7;20,2;29,5;27;22;19,9;70;58;60;60;5,9;2,3;
2025/01/22;1400 UTC;0;962,5;962,7;962,4;2880,5;29,4;19,9;29,8;28,1;22;19,7;64;56;57;81;5,9;2,6;
2025/01/22;1500 UTC;0;961,6;962,5;961,6;3496,1;30,4;18,9;30,9;29,2;21,4;18,9;61;50;50;54;5,8;2,1;
2025/01/22;1600 UTC;0;960,7;961,6;960,7;2780,1;30,3;19,1;31,2;29,7;20,1;18,2;55;47;51;113;5,8;2,5;
2025/01/22;1700 UTC;0;959,8;960,7;959,8;2834;31,3;19,1;31,6;30;20,5;17,5;54;44;48;80;6,7;3,3;
2025/01/22;1800 UTC;0;958,5;959,8;958,5;2537,9;31,8;18,5;32,2;30,8;20;17,3;51;42;45;154;6,7;3,4;
2025/01/22;1900 UTC;0;958,2;958,5;958,1;1752,4;31,4;17,5;32,3;30,8;18,6;16,5;46;40;43;147;7,2;3,3;
2025/01/22;2000 UTC;0;958,3;958,3;958,1;1296,3;31,3;17,3;31,6;31,2;17,7;16,2;44;40;43;137;6,6;2,5;
2025/01/22;2100 UTC;0;958,8;958,8;958,3;286,9;29,9;18;31,3;29,9;18;16,6;49;41;49;113;5,8;1,5;
2025/01/22;2200 UTC;0;959,2;959,2;958,8;;27,3;19,4;29,9;27,3;19,4;18;62;49;62;26;2,8;,7;
2025/01/22;2300 UTC;0;959,7;959,7;959,2;;25,2;20,3;27,3;25,2;20,4;18,9;75;62;74;356;2;1,2;
2025/01/23;0000 UTC;0;960,3;960,3;959,7;;24,8;19,8;25,2;24,7;20,7;19,8;78;73;74;357;1,9;1,4;
2025/01/23;0100 UTC;0;960,4;960,5;960,2;;24,4;19,9;24,9;24,4;20,1;19,1;76;70;76;334;2,3;1,8;
2025/01/23;0200 UTC;0;960,2;960,5;960,2;;23,7;20,5;24,8;23,7;20,6;19,2;82;71;82;324;2,3;,8;
2025/01/23;0300 UTC;0;960;960,4;960;;23,4;20,8;23,7;23;21,1;20,5;88;82;85;326;1,5;,8;
2025/01/23;0400 UTC;0;960,3;960,4;959,8;;23,2;20,9;23,6;22,7;21,6;19,8;91;80;87;178;5,3;1,6;
2025/01/23;0500 UTC;0;960;960,4;959,9;;23,2;20,3;23,2;22,8;20,9;20,3;87;84;84;48;4;,4;
2025/01/23;0600 UTC;0;960,1;960,1;959,9;;22,2;20,6;23,4;22,2;20,6;19,9;91;81;91;35;2,1;,1;
2025/01/23;0700 UTC;0;959,8;960,1;959,6;;22,1;20,6;22,3;22;21;20,6;93;91;91;181;2,3;,6;
2025/01/23;0800 UTC;0;960,5;960,5;959,8;;22,8;20,9;23;22;21,1;20,6;92;87;89;267;1,8;,6;
2025/01/23;0900 UTC;0;961,2;961,2;960,5;4,7;22,8;21,7;23,1;22,7;21,7;20,9;94;89;94;266;1,6;,4;
2025/01/23;1000 UTC;0;961,7;961,7;961,2;217,7;23,4;21,8;23,5;22,8;22,1;21,5;95;90;90;239;1,6;,5;
2025/01/23;1100 UTC;0;962,3;962,3;961,7;584,7;24,2;22,1;24,2;23,3;22,1;21,4;90;86;88;195;2,5;1,6;
2025/01/23;1200 UTC;0;962,7;962,7;962,2;1086,3;25,3;21,5;25,7;24,2;22;20,3;88;74;80;156;2,8;1,2;
2025/01/23;1300 UTC;0;962,8;962,9;962,7;1692,5;26,2;21;26,9;25,1;21,8;20,4;80;69;73;229;3,6;1,1;
2025/01/23;1400 UTC;0;962,3;962,8;962,2;2161,8;27,9;20,5;28,4;25,8;22,1;20;78;61;64;123;4,9;1,5;
2025/01/23;1500 UTC;2,4;961,7;962,3;961,7;1544,7;25,5;21,8;27,9;25,5;24,2;20;87;63;80;258;4,9;1,9;
2025/01/23;1600 UTC;2;961,1;961,7;961,1;1080,7;23,8;22,3;26,3;23,7;23,7;21,7;91;80;91;311;7,9;4,1;
2025/01/23;1700 UTC;,6;960,1;961,1;960;2052,3;25,9;23;26,6;23,8;25;22,3;93;81;84;;;;
2025/01/23;1800 UTC;0;959,3;960,1;959,3;2690,8;28,9;22,3;29,8;25,9;24;20,2;87;59;68;272;;1,5;
2025/01/23;1900 UTC;2,2;958,9;959,4;958,8;1835,1;26,1;21,3;30;25;22,5;19,4;80;56;75;218;11,2;4,5;
2025/01/23;2000 UTC;0;958,9;958,9;958,8;544,9;27,7;21,7;28,4;26,2;25;20,7;86;65;70;98;9;,7;
2025/01/23;2100 UTC;0;959,4;959,4;958,9;193,9;27,3;20,2;28,4;27,2;23;20,1;74;61;65;121;3,4;,9;
2025/01/23;2200 UTC;0;959,7;959,7;959,3;1,5;25,3;22,4;27,3;25,3;22,4;19,6;84;64;84;352;1,9;1,1;
2025/01/23;2300 UTC;0;960,1;960,1;959,7;;24,2;22;25,2;24,2;22,5;21,9;88;84;88;7;2,3;1,7;
2025/01/24;0000 UTC;0;960,5;960,5;960,1;;23,9;21,7;24,2;23,9;22,1;21,5;90;86;88;359;2,6;1,6;
2025/01/24;0100 UTC;0;960,8;960,8;960,5;;24;21;24,6;23,8;22;20,7;89;80;83;6;3,1;1,8;
2025/01/24;0200 UTC;0;960,8;960,9;960,8;;23,9;20,8;24,1;23,7;21,3;20,8;85;83;83;348;2,9;1,7;
2025/01/24;0300 UTC;0;960,2;960,8;960,2;;22,5;21,7;23,9;22,5;21,7;20,7;95;83;95;231;2,7;,8;
2025/01/24;0400 UTC;0;959,8;960,2;959,8;;22,3;22,3;22,8;22,2;22,4;21,6;100;95;100;135;1,8;,4;
2025/01/24;0500 UTC;0;959,8;959,8;959,7;;21,9;;22,3;21,6;22,3;21,6;100;100;;67;,8;,3;
2025/01/24;0600 UTC;0;959,9;960,1;959,7;;21,6;;22,3;21,6;;;;;;11;4,8;1,1;
2025/01/24;0700 UTC;0;959,6;959,9;959,6;;21,5;;21,6;21,4;;;;;;102;1,7;,5;
2025/01/24;0800 UTC;0;960,1;960,1;959,6;;21,3;21;21,5;21,2;;;;;98;101;1,6;,9;
2025/01/24;0900 UTC;0;960,9;960,9;960;16;21,2;20,5;21,7;21,1;21;19,8;98;90;96;54;2;1;
2025/01/24;1000 UTC;0;961,4;961,4;960,8;435,7;23,7;19,3;24;21,2;20,8;19,3;96;76;77;109;3,1;1,5;
2025/01/24;1100 UTC;0;961,9;961,9;961,4;1289,1;24,6;19,8;24,8;23,4;20,8;19,3;80;74;75;171;4;2;
2025/01/24;1200 UTC;0;962,2;962,2;961,9;1759,3;25,3;20;25,4;24,4;20,4;19,4;76;71;73;118;5;2,2;
2025/01/24;1300 UTC;0;961,9;962,2;961,9;2424,4;27,3;20,6;28,1;25,3;22,1;19,3;74;61;67;76;4,5;1,5;
2025/01/24;1400 UTC;0;961,3;961,9;961,3;2857,7;28,2;19,3;28,9;26,9;22,3;19,1;68;56;59;93;4,8;2,5;
2025/01/24;1500 UTC;0;960,2;961,3;960,2;3142,3;29,7;17,9;29,9;28,1;20,2;17,8;61;49;49;108;5,4;2,9;
2025/01/24;1600 UTC;0;959,7;960,2;959,7;2973;30;18;30,5;29,1;19,6;17;55;44;49;124;6,2;2,8;
2025/01/24;1700 UTC;0;959,1;959,7;959,1;1537,4;30,1;17,6;30,5;29,1;18,9;17,1;54;47;47;159;6;2,7;
2025/01/24;1800 UTC;0;958,2;959,1;958,2;2220,7;30,7;17,6;30,9;29,5;18,2;16,3;50;42;45;164;6,6;3,7;
2025/01/24;1900 UTC;0;957,9;958,2;957,8;2072,6;30,6;16,6;31,1;30;17,8;15,5;46;39;43;147;7;3,4;
2025/01/24;2000 UTC;0;958,1;958,1;957,7;1248,7;30,1;16,2;30,7;30,1;17,3;15,5;45;41;43;140;7;2,7;
2025/01/24;2100 UTC;0;958,6;958,6;958,1;247,8;29;16,8;30,1;29;16,8;15,6;48;41;48;116;6;1,6;
2025/01/24;2200 UTC;0;959,2;959,2;958,6;;25,9;19;28,9;25,9;19;16,7;66;48;66;2;3,1;1,1;
2025/01/24;2300 UTC;0;959,8;959,8;959,2;;24,3;19,1;25,9;24,2;20;18,9;75;66;73;5;2,3;1,1;
2025/01/25;0000 UTC;0;960,4;960,4;959,8;;23,6;18,8;24,3;23,5;19,7;18,8;79;72;75;7;2,7;1,9;
2025/01/25;0100 UTC;0;960,7;960,7;960,4;;23,7;18,3;23,7;23,4;19;18,3;77;72;72;7;2,8;2;
2025/01/25;0200 UTC;0;960,6;960,8;960,6;;22,9;18,5;23,8;22,9;19,2;18,3;79;72;76;341;2,8;,8;
2025/01/25;0300 UTC;0;960,2;960,6;960,2;;22,5;18,9;23;22,1;19,6;18,5;85;76;80;2;2,3;1,6;
2025/01/25;0400 UTC;0;960,2;960,2;960,2;;21,8;20,4;22,6;21,7;20,4;18,8;92;79;92;166;2;1;
2025/01/25;0500 UTC;0;959,9;960,2;959,9;;20,9;20,3;21,8;20,9;20,7;20,2;97;92;96;287;2,6;,2;
2025/01/25;0600 UTC;0;960,3;960,3;959,9;;20,7;20,2;21,2;20,7;20,8;20,1;98;96;97;206;2,7;,2;
2025/01/25;0700 UTC;0;960,9;960,9;960,3;;20,9;20,9;20,9;20,5;20,9;20,1;100;97;100;236;1,3;,3;
2025/01/25;0800 UTC;0;960,9;961,2;960,8;;20,7;20,7;21,2;20,7;21,1;20,7;100;99;100;195;2,1;1,1;
2025/01/25;0900 UTC;0;961,6;961,6;960,9;22,9;21,6;20,7;21,6;20,6;21,4;20,3;100;93;95;188;3;,4;
2025/01/25;1000 UTC;0;962,3;962,3;961,6;268,3;22,3;20,4;22,5;21,6;21,2;20,3;95;88;89;150;2,3;,8;
2025/01/25;1100 UTC;0;962,9;962,9;962,3;1044,7;25,2;20,9;25,2;22,3;21,5;20,3;90;76;77;59;2,5;1,3;
2025/01/25;1200 UTC;0;962,8;962,9;962,8;1965,7;26,1;19,3;27,1;25,1;21,6;19,3;79;64;67;65;3,2;1,4;
2025/01/25;1300 UTC;0;962,7;962,8;962,7;2407,1;27,1;19,3;28;26,1;21,1;18,3;70;57;62;17;3,7;1,8;
2025/01/25;1400 UTC;0;962,2;962,7;962,2;2930,6;28,7;18,7;29,4;27,1;20,5;18,5;64;54;55;51;3,8;1,9;
2025/01/25;1500 UTC;0;961,6;962,2;961,6;3161,8;29,7;18,7;30,1;28,1;20,7;18;60;51;52;82;4,5;1,8;
2025/01/25;1600 UTC;0;960,7;961,6;960,7;2356,6;30,9;18,3;30,9;28,7;20,3;17,9;59;46;47;84;4,4;1,6;
2025/01/25;1700 UTC;0;959,8;960,7;959,8;3158,7;30,9;17,9;31,4;29,4;19,3;16,5;49;41;46;102;5,4;1,9;
2025/01/25;1800 UTC;0;959,2;959,8;959,2;2720,1;31,3;17,8;31,4;30;19,2;16,9;50;43;45;148;7,7;2,3;
2025/01/25;1900 UTC;0;958,8;959,2;958,8;2367,9;31,5;17,2;31,6;30,8;18,9;16,1;47;40;42;127;5,8;2,4;
2025/01/25;2000 UTC;0;958,7;958,8;958,5;1290,5;31;16,8;31,5;30,8;17,6;15,9;45;40;43;120;5,7;2,3;
2025/01/25;2100 UTC;0;958,8;958,8;958,6;407,3;29,3;17,5;31;29,3;18;16,1;50;41;49;161;4;1,4;
2025/01/25;2200 UTC;0;959,3;959,3;958,8;;28;17,8;29,3;28;18,2;17,2;54;48;54;92;2,5;,9;
2025/01/25;2300 UTC;0;960,2;960,2;959,2;;25,9;19,9;28;25,9;20;17,8;70;54;70;359;1,9;,9;
2025/01/26;0000 UTC;0;960,5;960,7;960,2;;24,9;20,6;26,6;24,9;20,9;19,1;77;64;77;281;1,8;,4;
2025/01/26;0100 UTC;0;960,5;960,6;960,5;;23,9;21;25,1;23,9;21;20;84;73;84;307;1,9;,6;
2025/01/26;0200 UTC;0;960,5;960,6;960,4;;23,1;20,5;23,9;23,1;21,2;19,9;87;78;86;148;2;,4;
2025/01/26;0300 UTC;0;960,4;960,5;960,3;;22,6;20,8;23,2;22,5;21,3;20,4;91;84;90;290;1,1;,6;
2025/01/26;0400 UTC;0;959,8;960,4;959,8;;22,3;21,4;22,6;22;21,4;20,7;94;90;94;72;1,4;,6;
2025/01/26;0500 UTC;0;959,9;959,9;959,7;;21,5;20,8;22,4;21,5;21,4;20,7;96;92;96;270;3,7;,3;
2025/01/26;0600 UTC;0;960;960;959,7;;21,9;21,1;21,9;21,5;21,1;20,9;97;95;95;44;1,8;,4;
2025/01/26;0700 UTC;0;960,5;960,5;959,8;;22;21;22,3;21,9;21,5;20,7;95;92;94;32;1,3;,3;
2025/01/26;0800 UTC;0;961,1;961,2;960,5;;22,8;20,9;22,9;21,9;21,4;20,9;95;89;89;135;2,6;1,1;
2025/01/26;0900 UTC;0;961,6;961,7;961,1;6,5;22,7;21,5;22,8;22,3;21,6;20,8;94;89;93;119;2,6;,6;
2025/01/26;1000 UTC;0;962,4;962,4;961,6;148,9;23,5;21,3;23,5;22,7;21,6;21,2;93;88;88;106;2,5;1,2;
2025/01/26;1100 UTC;0;963,4;963,4;962,4;458,9;24,3;21,3;24,3;23,5;21,6;20,9;89;83;83;121;4,5;2,5;
2025/01/26;1200 UTC;0;963,8;963,8;963,4;633,7;24,6;21;24,6;24,1;21,1;20,6;83;80;80;113;5,5;2,2;
2025/01/26;1300 UTC;0;963,6;963,9;963,6;1241,3;25,6;20,7;25,8;24,6;21,4;20,3;81;73;74;136;4,7;2,7;
2025/01/26;1400 UTC;0;963,3;963,7;963,3;2455,3;27,9;20,8;27,9;25,6;21,4;20;76;65;65;96;4,9;2,7;
2025/01/26;1500 UTC;0;962,6;963,3;962,6;2570,6;27,7;19,6;28,7;26,9;20,6;19,1;67;58;62;129;6;3;
2025/01/26;1600 UTC;0;961,9;962,6;961,8;2802,1;29,3;19,3;29,5;27,5;20,7;19,1;64;54;55;126;6,6;3,2;
2025/01/26;1700 UTC;0;960,6;961,9;960,6;2407,1;30;18,9;30,2;28,3;20,8;18,5;60;51;51;117;6,8;2,8;
2025/01/26;1800 UTC;0;959,4;960,6;959,4;1425,2;29,5;19,3;30;28,9;19,5;18,1;55;51;54;120;7,1;2;
2025/01/26;1900 UTC;0;959;959,4;959;1345,1;29,4;19,1;30;29,1;20;18,6;57;51;54;195;3,9;1,8;
2025/01/26;2000 UTC;0;959,3;959,3;959;631,5;29,1;19,6;29,7;29,1;19,9;18,6;58;52;57;73;3;1,3;
2025/01/26;2100 UTC;0;960;960;959,3;211,9;27,6;21;29,1;27,6;21;19,2;67;56;67;17;3,8;2;
2025/01/26;2200 UTC;0;960;960;959,8;3,6;26,8;21,5;27,6;26,8;21,5;21;73;67;73;2;3;1,6;
2025/01/26;2300 UTC;0;959,9;960;959,8;;26,4;21;26,8;26,4;21,4;20,9;73;71;72;30;2,5;1,6;
2025/01/27;0000 UTC;0;960,2;960,3;959,9;;26,2;20,3;26,4;26,2;21;20,3;72;69;70;38;2,9;1,5;
2025/01/27;0100 UTC;0;960,5;960,6;960,2;;25,3;20,4;26,2;25,3;20,7;20,3;74;70;74;19;3,1;1,3;
2025/01/27;0200 UTC;0;960,1;960,5;960,1;;24,3;20,1;25,3;24,1;20,7;20,1;81;74;77;27;1,9;1,2;
2025/01/27;0300 UTC;0;959,7;960,2;959,7;;23;21,3;24,3;23;21,3;20,1;90;77;90;249;2;,8;
2025/01/27;0400 UTC;0;960,1;960,3;959,6;;24,4;20,9;24,4;23;22;20,9;93;81;81;95;5,1;2;
2025/01/27;0500 UTC;0;959,7;960,1;959,7;;23,9;21,1;24,4;23,9;21,1;20,8;85;81;85;34;5,5;1,6;
2025/01/27;0600 UTC;0;959,4;959,7;959,4;;22,8;21,5;23,9;22,8;21,5;21,1;92;85;92;194;2,9;,7;
2025/01/27;0700 UTC;0;959,7;959,8;959,4;;22,6;21,9;22,8;22,5;22;21,4;96;92;96;11;2,7;,4;
2025/01/27;0800 UTC;0;959,9;959,9;959,7;;22,3;21,8;22,7;22,3;22,1;21,7;97;96;97;99;2;,7;
2025/01/27;0900 UTC;0;960;960;959,8;12,7;22,1;21,9;22,5;22;22;21,4;99;95;99;96;2,1;,7;
2025/01/27;1000 UTC;0;961,2;961,2;960;441,1;24,1;20,5;24,1;22,1;22,3;20,5;100;80;80;66;3,3;1,6;
2025/01/27;1100 UTC;0;961,8;961,8;961,2;1181,1;24,9;20,2;25,6;24,1;21,1;19,7;81;72;76;94;3,4;1,9;
2025/01/27;1200 UTC;0;962,1;962,1;961,8;2207,2;26,5;18,7;27;24,8;20,9;18,7;76;62;62;83;4,2;2,1;
2025/01/27;1300 UTC;0;962,3;962,3;962;2523,8;27,7;18,5;28,6;25,8;20,6;18,2;66;55;57;90;5,4;2,8;
2025/01/27;1400 UTC;0;962,1;962,4;962,1;2721,2;28,6;18,7;29,4;27,4;20;18,2;60;53;55;61;5,8;2,6;
2025/01/27;1500 UTC;0;961,3;962,1;961,3;2963,7;30,3;17,5;30,6;28,1;19,7;17,5;58;46;46;75;6,4;2,1;
2025/01/27;1600 UTC;0;960,4;961,4;960,4;3418,4;30,3;16,9;31,1;29,5;19,5;16,9;52;44;45;130;6,4;2,5;
2025/01/27;1700 UTC;0;959,5;960,4;959,5;2967,4;30,8;17,3;31,9;30,1;18,3;16,1;49;41;45;79;6,8;2,7;
2025/01/27;1800 UTC;0;958,6;959,5;958,6;2910,2;31,7;16,8;32,5;30,8;18,2;16,3;45;39;41;110;6,1;2,8;
2025/01/27;1900 UTC;0;958;958,6;958;2218,4;32;16,5;32,2;31,3;17,7;16;44;38;40;95;5,2;2,2;
2025/01/27;2000 UTC;0;958,2;958,2;958;590,9;30;18,3;32,2;29,9;18,3;15,8;50;38;50;125;5,2;2,8;
2025/01/27;2100 UTC;0;958,5;958,5;958,2;203,4;29,5;17,3;30,1;29,4;18,5;17,3;50;48;48;137;5;2,1;
2025/01/27;2200 UTC;0;959,1;959,1;958,5;;28;18,1;29,5;28;18,1;17,4;55;48;55;115;4,2;1,1;
2025/01/27;2300 UTC;0;960,2;960,2;959,1;;25,7;19,1;28;25,7;19,3;18;68;55;67;357;3,2;1,5;
2025/01/28;0000 UTC;0;961;961;960,2;;24,8;19,9;25,7;24,7;20,2;19,1;74;67;74;42;2,7;1;
2025/01/28;0100 UTC;0;961,3;961,4;961;;23,9;21,6;24,8;23,5;21,6;19,8;87;74;87;306;2,4;,7;
2025/01/28;0200 UTC;0;961,3;961,5;961,2;;23,3;21,3;23,9;23,3;21,7;21,1;88;87;88;356;1,7;1,1;
2025/01/28;0300 UTC;0;960,8;961,3;960,8;;22,7;21,4;23,5;22,7;21,5;21;93;86;93;339;1,6;,5;
2025/01/28;0400 UTC;0;960,4;960,9;960,4;;22,7;21,2;22,9;22,6;21,6;21,2;93;91;91;342;2,4;1,2;
2025/01/28;0500 UTC;0;959,6;960,5;959,6;;22,4;21,2;23,5;22,4;21,8;20,9;93;87;93;232;2;,7;
2025/01/28;0600 UTC;0;959,5;959,6;959,3;;22,7;21,3;22,9;22,2;21,6;21,1;95;92;92;137;2,6;1,3;
2025/01/28;0700 UTC;0;959,8;959,9;959,4;;22,7;21,7;22,7;22,3;21,8;21,3;96;92;94;324;2;,5;
2025/01/28;0800 UTC;0;959,9;960;959,6;;22,5;21,8;22,7;22,5;21,8;21,6;96;94;95;347;2,1;,8;
2025/01/28;0900 UTC;0;960,8;960,8;959,9;8,3;22,6;22,3;22,7;22,3;22,4;21,5;98;93;98;263;1,5;,5;
2025/01/28;1000 UTC;0;961,8;961,8;960,8;212;23,6;22,4;23,6;22,6;22,6;22,3;98;93;93;209;1,7;,8;
2025/01/28;1100 UTC;0;962,1;962,1;961,8;537,2;24,6;21,8;24,8;23,6;22,4;21,5;93;83;85;345;3,2;1,8;
2025/01/28;1200 UTC;0;962,7;962,7;962,1;1471,7;26,5;21,2;26,9;24,6;22,5;20,6;85;70;73;71;3,1;1,3;
2025/01/28;1300 UTC;0;962,6;962,8;962,6;1622,3;27,1;20,2;27,7;26,3;21,6;20,1;74;65;66;98;3,1;1,3;
2025/01/28;1400 UTC;0;962,2;962,6;962,2;2040;28,5;20,6;28,8;27,1;21,8;20;71;61;62;5;3,9;1,6;
2025/01/28;1500 UTC;0;961,3;962,2;961,3;2466;29,6;18,7;30,7;27,8;22;18,7;65;52;52;53;6,1;2,2;
2025/01/28;1600 UTC;0;960;961,3;960;3471,6;31,2;19,6;31,5;29,2;20,5;17,8;56;46;50;76;6,9;2,7;
2025/01/28;1700 UTC;0;958,8;960;958,8;3304,7;31,8;18,7;32,2;30,9;20,1;17,8;51;44;46;57;6,9;2,6;
2025/01/28;1800 UTC;0;957,7;958,8;957,7;2623,4;32,5;19;32,5;31;19,8;17,1;48;41;45;47;6,8;2,9;
2025/01/28;1900 UTC;0;956,9;957,7;956,9;1927,9;32,1;18,4;32,5;31;19,3;17,2;49;40;44;118;7,3;2,3;
2025/01/28;2000 UTC;0;957;957;956,8;1171,5;31,7;17,9;32,5;31,1;18,6;17,5;47;42;44;108;5,8;1,6;
2025/01/28;2100 UTC;0;957,2;957,2;956,9;303;30,3;18,8;31,7;30,3;18,8;17,7;50;43;50;121;5;1,9;
2025/01/28;2200 UTC;0;958;958;957,2;;28,5;19,3;30,3;28,4;19,3;18,5;58;50;58;131;3,4;1,2;
2025/01/28;2300 UTC;0;958,7;958,7;957,8;;26,7;20,6;28,5;26,7;20,6;19,4;69;58;69;360;4;1,4;
2025/01/29;0000 UTC;0;959,4;959,4;958,7;;26,3;21,2;26,7;26,3;21,2;20,5;73;69;73;12;2;1,2;
2025/01/29;0100 UTC;3,2;960,2;960,2;959,4;;24,5;23,3;26,9;24,5;23,3;21;93;72;93;250;6,5;1;
2025/01/29;0200 UTC;0;959,9;960,5;959,9;;24,2;23,7;24,7;24;23,7;23,2;97;93;97;13;2,4;,9;
2025/01/29;0300 UTC;31,6;960,5;961,4;959,7;,1;22,2;;24,8;22,2;;;100;86;;356;9,8;1,6;
2025/01/29;0400 UTC;1;959,5;960,8;959,4;;22,9;;23;22,2;;;;;;9;3,9;1,8;
2025/01/29;0500 UTC;0;959,5;959,7;959,3;,2;23;22,8;23,1;22,8;;;;;99;89;4,5;2,5;
2025/01/29;0600 UTC;,2;959,9;959,9;959,4;;22,2;22,1;23;22,2;22,8;22;100;96;100;58;6,3;2,4;
2025/01/29;0700 UTC;3,4;959;960;959;;21,2;;22,4;21,1;;;;;;23;7,5;2,8;
2025/01/29;0800 UTC;,2;959,8;959,8;958,9;;21,5;;21,6;21,2;;;;;;303;5,2;,5;
2025/01/29;0900 UTC;0;960,5;960,5;959,8;6,1;21,9;;21,9;21,5;;;;;;145;1,9;,8;
2025/01/29;1000 UTC;0;961,3;961,3;960,5;140,7;22,2;22,2;22,2;21,8;;;;;100;145;1,8;1;
2025/01/29;1100 UTC;0;961,5;961,6;961,2;660,2;23,6;22,6;23,6;22,1;22,7;22;100;94;94;47;3,5;2;
2025/01/29;1200 UTC;0;962,3;962,3;961,5;2061;26,2;22,1;26,2;23,6;23,3;21,9;94;78;79;96;3,7;2;
2025/01/29;1300 UTC;0;962,3;962,3;962,2;2125,4;27;21;27,7;25,7;22,8;21;82;69;70;55;5,3;3;
2025/01/29;1400 UTC;0;961,9;962,3;961,9;3330;28,8;21;29,2;26,6;23;20,5;76;60;63;55;5,6;2,6;
2025/01/29;1500 UTC;0;960,9;961,9;960,9;3452,4;29,4;20;30;28,6;22,1;19,9;66;57;57;48;6,7;2,6;
2025/01/29;1600 UTC;0;960;960,9;960;2359,3;30;21,5;30;29,1;21,5;19,3;61;54;60;52;5,7;2,1;
2025/01/29;1700 UTC;0;959,3;960;959,3;2775,9;30,5;20,8;30,9;29,7;21,5;19;61;50;56;116;6;2,1;
2025/01/29;1800 UTC;0;958,3;959,3;958,2;2962,4;30,3;20,1;31,2;29,9;21;19;57;50;55;141;5,6;3;
2025/01/29;1900 UTC;,2;957,5;958,3;957,5;1713,8;28,2;19,8;31,4;26;21,4;18,7;69;53;60;81;8,6;1,7;
2025/01/29;2000 UTC;0;957,2;957,5;957,2;609,3;28,9;20,6;28,9;28;20,9;19,3;64;57;61;117;3,3;1;
2025/01/29;2100 UTC;0;957,4;957,5;957,2;273,2;28,2;21,3;28,9;28,2;21,3;20,2;66;60;66;149;2,8;,8;
2025/01/29;2200 UTC;0;957,7;957,7;957,2;3,9;25,7;22,6;28,1;25,7;23;21,1;84;66;83;326;2,4;1,4;
2025/01/29;2300 UTC;0;959;959;957,7;;24,5;23,4;25,7;24,5;23,6;22,6;93;83;93;203;2,4;,7;
2025/01/30;0000 UTC;0;959,4;959,4;959;;24;23,6;24,5;24;23,8;23,1;97;93;97;330;1,3;,4;
2025/01/30;0100 UTC;0;960,2;960,3;959,4;;23,7;23,7;24;23,4;23,7;23,1;100;97;100;329;2,1;1,2;
2025/01/30;0200 UTC;0;959,7;960,3;959,7;;24,5;21,3;24,6;23,5;23,8;21,3;100;83;83;313;4,8;2,5;
2025/01/30;0300 UTC;0;959,3;959,7;959,3;;24,3;20,9;24,6;24,1;21,5;20,8;85;80;81;316;4,8;2,8;
2025/01/30;0400 UTC;0;958,9;959,3;958,8;;24;21,5;24,3;23,7;21,8;20,9;89;81;86;303;4,6;,5;
2025/01/30;0500 UTC;0;958,7;958,9;958,7;;23,9;21,4;24;23,5;21,7;21,2;89;85;86;332;2,9;1,7;
2025/01/30;0600 UTC;0;958,6;958,7;958,5;;24,1;20,8;24,3;23,7;21,8;20,8;89;81;82;14;4,9;2,1;
2025/01/30;0700 UTC;0;959;959;958,4;;23,6;21,9;24,1;23,5;22;20,8;90;82;90;30;3,9;,8;
2025/01/30;0800 UTC;0;959,8;959,8;959;;23,2;22,7;23,6;23,1;22,7;21,9;97;90;97;194;1,9;,7;
2025/01/30;0900 UTC;0;960,3;960,3;959,8;,5;23,3;23,3;23,4;23,2;23,3;22,7;100;97;100;200;2,6;1,5;
2025/01/30;1000 UTC;0;960,7;960,7;960,3;61,3;23,2;23,1;23,3;23,1;23,3;23,1;100;99;100;134;2,7;1,3;
2025/01/30;1100 UTC;0;961,8;961,8;960,7;242,1;23,4;22,4;23,4;23,2;23,3;22,2;100;94;94;168;4;2,2;
2025/01/30;1200 UTC;0;962,3;962,4;961,8;465,3;24;22,5;24;23,4;22,8;22,1;95;91;91;147;4,6;2,1;
2025/01/30;1300 UTC;0;962,3;962,5;962,3;795,4;25,2;21,8;25,2;23,7;22,6;21,5;93;80;81;118;4,3;2;
2025/01/30;1400 UTC;0;961,8;962,3;961,8;1709,3;27,5;21,1;27,5;25;22,5;20,1;82;66;68;98;4,2;1,9;
2025/01/30;1500 UTC;0;961,3;961,8;961,3;1811,1;27,4;21,6;27,6;26,5;22,4;20,1;78;64;71;64;4;1,4;
2025/01/30;1600 UTC;0;960,3;961,2;960,3;3136,1;28,7;19,9;29,2;27,4;22,5;19,4;73;58;59;99;6;2,7;
2025/01/30;1700 UTC;0;959,5;960,3;959,5;2278,6;28,4;20,2;29,5;28,2;20,8;19,2;63;55;61;46;5,9;2,7;
2025/01/30;1800 UTC;0;958,9;959,5;958,9;1673,3;29,2;19,4;29,4;28,4;20,6;19;61;54;55;81;4,8;1,9;
2025/01/30;1900 UTC;0;958,5;959,1;958,4;1341,9;29;18,5;29,5;28,8;19,9;18,2;58;52;53;112;5,2;2,5;
2025/01/30;2000 UTC;0;958,8;959,1;958,4;564,6;26,9;20,4;29;26,8;21;18,5;70;53;68;167;6,1;1,6;
2025/01/30;2100 UTC;0;959,1;959,1;958,6;153,6;25,9;20,3;26,9;25,8;21,3;20;76;68;71;299;3,5;,4;
2025/01/30;2200 UTC;0;959,3;959,3;959;;25,3;21,3;26;25;22,3;20,2;84;71;78;315;1,7;1;
2025/01/30;2300 UTC;0;959,4;959,5;959,2;;24,2;22,6;25,3;24,1;22,6;21;91;77;91;50;1,5;,4;
2025/01/31;0000 UTC;0;959,9;959,9;959,4;;23,2;22,2;24,3;23,2;22,8;22,2;94;91;94;315;1,6;,5;
2025/01/31;0100 UTC;0;960,1;960,2;959,9;;23;23;23,2;22,8;23;22;100;94;100;236;1,9;,5;
2025/01/31;0200 UTC;0;959,9;960,1;959,9;;22,9;;23,1;22,8;23,1;22,8;100;100;;320;3,6;2;
2025/01/31;0300 UTC;0;960;960;959,8;;22,3;22,1;23,1;22,3;23;21,5;100;91;99;224;3,6;1;
2025/01/31;0400 UTC;0;959,5;960;959,5;;22,2;;22,3;22;22,3;22;100;99;;278;1,9;,3;
2025/01/31;0500 UTC;0;959,2;959,5;959,2;;22,1;;22,3;22;;;;;;295;1,1;,5;
2025/01/31;0600 UTC;0;959;959,3;958,9;;22,7;;22,7;22,1;;;;;;61;1;,2;
2025/01/31;0700 UTC;0;959,1;959,1;958,8;;22,7;;22,8;22,3;;;;;;115;1,9;,5;
2025/01/31;0800 UTC;0;959,5;959,5;959,1;;22,8;;22,9;22,7;;;;;;210;2,4;,8;
2025/01/31;0900 UTC;0;959,9;960;959,5;8,3;22,9;;22,9;22,7;;;;;;209;1,9;,8;
2025/01/31;1000 UTC;0;960,5;960,5;959,9;300,4;23,2;22,2;23,5;22,8;;;;;94;151;3,1;1,6;
2025/01/31;1100 UTC;0;961;961;960,5;1100,3;24,6;20,1;24,9;23,2;22,4;20;94;75;76;113;5,9;3;
2025/01/31;1200 UTC;0;961,5;961,6;961;1384,5;25,3;20,9;25,3;24,1;21,1;19,8;80;76;77;113;6,3;2,6;
2025/01/31;1300 UTC;0;961,3;961,5;961,2;1274,1;25,9;21,3;25,9;25;21,5;20,3;77;74;76;111;6,2;1,7;
2025/01/31;1400 UTC;0;961;961,3;961;1757,9;27,2;20,6;27,4;25,5;21,8;20,5;78;67;67;114;5,2;1,7;
2025/01/31;1500 UTC;0;960,1;961;960;2772,3;28,3;20,4;29,2;27;21,8;20,1;70;60;63;128;5,6;2,4;
2025/01/31;1600 UTC;0;959;960,1;959;2881,6;29,9;20,5;29,9;28;22,2;20,1;68;57;57;164;5,6;2,4;
2025/01/31;1700 UTC;0;958,1;959;958;3316,7;30,7;20,7;30,9;29,8;21,2;18,5;58;48;55;138;7,1;3,1;
2025/01/31;1800 UTC;0;957,3;958,1;957,2;2270,2;30,1;19,9;31,1;29,4;21,3;19,3;57;52;54;161;6,9;3,5;
2025/01/31;1900 UTC;0;957,3;957,3;957,1;1557,3;27,3;20,2;30,9;27,3;20,6;18;65;48;65;50;7,2;2,8;
2025/01/31;2000 UTC;0;957,2;957,5;957,1;540,6;27,8;20,6;27,8;26,6;21,2;20,1;71;65;65;340;6,1;1,9;
2025/01/31;2100 UTC;0;957,9;958;957,2;338,4;26;20,3;27,8;26;21,2;20,2;71;64;71;16;4,3;2,1;
2025/01/31;2200 UTC;0;958,2;958,2;957,8;;24,6;21,2;26;24,5;21,8;20,3;84;71;81;23;3,5;,5;
2025/01/31;2300 UTC;0;958,5;958,5;958,2;;23,1;22,2;24,6;23;22,2;21,3;95;81;95;250;2,4;,7;
2025/02/01;0000 UTC;0;958,6;958,7;958,4;;22,9;22,1;23,1;22,8;22,6;22,1;98;95;95;358;2,7;,6;
2025/02/01;0100 UTC;0;959,1;959,1;958,6;;22,4;22,4;22,9;22,2;22,4;21,7;100;95;100;270;2,1;,2;
2025/02/01;0200 UTC;0;959,6;959,6;959,1;;22;;22,5;21,8;22,4;21,8;100;100;;314;2,5;,5;
2025/02/01;0300 UTC;0;958,9;959,6;958,9;;22,2;21,5;22,3;21,7;;;;;96;46;1,7;,8;
2025/02/01;0400 UTC;0;958,5;958,9;958,5;;21,7;;22,2;21,6;21,9;21,3;100;96;;353;1,5;,3;
2025/02/01;0500 UTC;0;958,5;958,5;958,3;;21,3;;21,9;21,3;;;;;;203;2,1;,7;
2025/02/01;0600 UTC;0;958,6;958,8;958,5;;21;;21,3;21;;;;;;295;1;,2;
2025/02/01;0700 UTC;0;958,7;958,8;958,6;;21;;21,2;20,9;;;;;;26;1,2;,9;
2025/02/01;0800 UTC;0;958,7;958,9;958,7;;20,9;;21,2;20,9;;;;;;333;1,9;1,3;
2025/02/01;0900 UTC;0;959,1;959,1;958,7;18,6;21;;21;20,7;;;;;;336;2;,7;
2025/02/01;1000 UTC;0;959,5;959,6;959,1;470,2;23,7;22,5;23,9;21;;;;;93;296;2;,3;
2025/02/01;1100 UTC;0;959,9;959,9;959,5;1163,3;24,8;20,4;25;23,7;22,7;19,9;93;76;77;148;3,4;1,5;
2025/02/01;1200 UTC;0;960,4;960,4;959,9;2112,2;27,1;20,1;27,3;24,7;21,3;20,1;79;66;66;118;3,3;,9;
2025/02/01;1300 UTC;0;960,3;960,5;960,3;2118,4;27,9;20;28,7;26,2;21,5;19,6;72;62;62;143;3,7;1,9;
2025/02/01;1400 UTC;0;960,2;960,3;960,2;1946,6;29;20,2;29;26,9;21,2;19,2;68;58;59;135;4,4;1,5;
2025/02/01;1500 UTC;0;959,7;960,3;959,7;2757,5;29,9;19,1;29,9;28,2;20,7;18,7;61;52;53;74;4;1,8;
2025/02/01;1600 UTC;0;958,9;959,7;958,9;3636;30,2;19,2;31;29,6;20,7;17,8;57;47;52;123;5,5;2,2;
2025/02/01;1700 UTC;0;958;958,9;958;2755,7;30,4;17,7;30,9;29,9;19,9;17,1;53;44;47;112;5,8;2,4;
2025/02/01;1800 UTC;0;957;958;957;2234,1;31,2;18,5;31,2;30,1;19,3;17,3;51;45;47;99;6,5;2,4;
2025/02/01;1900 UTC;0;956,2;957;956,2;1881,4;30,7;17,1;31,4;30,7;18,8;16,4;48;41;44;114;5,6;2,4;
2025/02/01;2000 UTC;0;956,2;956,3;956,1;708,9;30,3;18;30,7;30;18,1;16,9;49;44;48;106;4,6;1,6;
2025/02/01;2100 UTC;0;956,7;956,7;956,2;232,7;28,2;18,2;30,3;28,2;18,3;17,8;55;47;55;124;6,4;1,4;
2025/02/01;2200 UTC;0;956,8;956,8;956,6;;26;19,6;28,2;25,9;20;18,2;70;55;68;360;2,6;1,1;
2025/02/01;2300 UTC;0;957,5;957,5;956,8;;25,4;20,3;26;25,2;20,6;19,4;75;67;73;6;2,5;1,8;
2025/02/02;0000 UTC;0;958,1;958,1;957,5;;25,6;19,8;26;25,3;20,3;19,5;74;67;70;3;3,6;1,5;
2025/02/02;0100 UTC;0;958,6;958,6;958,1;;26,1;19;26,3;25,6;19,9;19;70;64;65;7;4,8;2,6;
2025/02/02;0200 UTC;0;958,3;958,7;958,3;;26,1;19,1;26,1;25,9;19,2;18,7;67;64;65;6;4,3;2,1;
2025/02/02;0300 UTC;0;958,1;958,3;958,1;;25,7;19,6;26,3;25,7;19,6;19;69;64;69;351;3,5;1,7;
2025/02/02;0400 UTC;0;957,7;958,1;957,7;;24,8;19,2;25,7;24,8;20,2;19,2;73;68;71;2;2,5;1,3;
2025/02/02;0500 UTC;0;957,6;957,7;957,3;;23,8;21,3;24,8;23,7;21,3;18,7;86;70;86;171;6,4;2,4;
2025/02/02;0600 UTC;0;957,6;957,8;957,5;;23,1;21,7;23,8;23,1;22;21,2;92;86;92;320;6,4;1,1;
2025/02/02;0700 UTC;0;958;958;957,6;;22,8;21,8;23,1;22,6;21,8;21,5;94;91;94;7;2,1;1,4;
2025/02/02;0800 UTC;0;958,6;958,6;958;;22,6;21,9;23;22,5;22;21,6;96;94;96;238;2,1;,3;
2025/02/02;0900 UTC;0;958,9;958,9;958,6;5,7;23,4;21,1;23,4;22,6;22,5;21,1;97;87;87;94;2,6;1,4;
2025/02/02;1000 UTC;0;959,8;959,8;958,9;180,9;23,4;21;23,5;23,2;21,1;20,7;87;85;87;135;3;1,5;
2025/02/02;1100 UTC;0;960,3;960,3;959,8;609,2;24,2;21,1;24,3;23,3;21,3;20,6;87;83;83;61;3,8;1,3;
2025/02/02;1200 UTC;0;960,3;960,3;960,2;1636,6;26,2;20,4;26,5;24,2;21,7;20,2;83;69;71;90;3,2;1,4;
2025/02/02;1300 UTC;0;960,6;960,7;960,3;2438,9;27,7;19,7;28;26,2;21,1;19,2;71;61;62;94;6,2;2,5;
2025/02/02;1400 UTC;0;960,5;960,7;960,5;2528,7;28,9;20;29,3;27;20,8;19,2;66;57;59;82;5,1;1,8;
2025/02/02;1500 UTC;0;959,8;960,5;959,8;2876,7;29,9;20,4;30,1;28,1;21,1;18,6;64;52;57;29;5;2,3;
2025/02/02;1600 UTC;0;958,6;959,8;958,6;3706,3;30,5;18,1;30,9;29,3;19,9;16,8;56;44;47;86;5,9;2,9;
2025/02/02;1700 UTC;0;957,7;958,6;957,7;3080,3;30,8;16,4;31,3;29,9;19;16,4;52;41;42;106;5,9;3;
2025/02/02;1800 UTC;0;956,9;957,8;956,9;2625,2;31,8;17,3;31,9;30,7;18,4;16;46;39;42;84;5,5;1,6;
2025/02/02;1900 UTC;0;956,4;956,9;956,3;1822,9;31,3;17,3;32,1;30,6;18,5;15,9;45;39;43;65;7;2,7;
2025/02/02;2000 UTC;0;956,2;956,4;956,1;1217,8;30,3;16,9;31,6;30,3;17,7;15,8;45;39;45;79;5,7;2,1;
2025/02/02;2100 UTC;0;956,3;956,3;956,1;148,8;28,5;17,7;30,4;28,5;17,8;16,4;52;43;52;145;5;1,4;
2025/02/02;2200 UTC;0;956,5;956,5;956,2;;27,2;19,2;28,5;27;20,1;17,6;65;52;62;142;3;,8;
2025/02/02;2300 UTC;0;957;957;956,5;;26;19,5;27,2;25,7;20,2;18,8;71;61;67;338;1,7;,8;
2025/02/03;0000 UTC;0;957,6;957,6;957;;25,2;19,6;26;25,2;20,1;19;72;66;71;344;2,3;1,2;
2025/02/03;0100 UTC;0;957,9;957,9;957,6;;24,4;19,7;25,2;24,4;20,1;19,3;76;70;75;353;2,5;1;
2025/02/03;0200 UTC;0;958,2;958,2;957,9;;24,1;20,7;24,4;24;21,7;19,6;86;75;81;18;2;1,3;
2025/02/03;0300 UTC;0;958,4;958,4;957,8;;24,4;20,9;24,7;23,7;21,5;20,3;87;78;81;47;6,4;1,5;
2025/02/03;0400 UTC;0;958;958,4;958;;24;20,7;24,4;23,6;21,3;20,7;87;81;82;228;6,4;,4;
2025/02/03;0500 UTC;0;957,8;958;957,8;;23,7;20;24,2;23,5;20,9;20;83;80;80;173;2,9;1,4;
2025/02/03;0600 UTC;0;957,9;957,9;957,7;;23,1;20,2;23,8;22,9;20,3;19,9;85;80;84;154;3,2;1,2;
2025/02/03;0700 UTC;0;958;958;957,8;;23,1;20,8;23,3;22,8;20,8;20,2;87;83;87;132;2,8;1,1;
2025/02/03;0800 UTC;0;958,4;958,4;958;;22,7;21;23,1;22,7;21;20,7;90;87;90;119;2,7;1,3;
2025/02/03;0900 UTC;0;958,9;958,9;958,3;20;22,5;21,3;22,7;22,3;21,3;21;93;90;93;116;2,7;1;
2025/02/03;1000 UTC;0;959,6;959,6;958,9;223,3;22,6;21,1;22,7;22,4;21,5;21;94;91;91;164;3,8;2,3;
2025/02/03;1100 UTC;0;960,1;960,1;959,6;647,3;23,9;20,5;23,9;22,6;21,4;20,4;92;81;82;145;4,6;2,7;
2025/02/03;1200 UTC;0;960,2;960,4;960,1;1703,9;26;19,9;26;23,9;21;19,4;82;69;69;124;5,7;3,1;
2025/02/03;1300 UTC;0;960,3;960,4;960,2;2222,3;27,3;18,9;27,4;25,8;20;18,4;70;60;60;125;6,6;3,1;
2025/02/03;1400 UTC;0;960,1;960,3;959,9;2790,6;28,5;18,7;28,7;27,1;19,6;17,8;61;54;55;102;7,6;3,2;
2025/02/03;1500 UTC;0;959,5;960,1;959,4;2724,2;29,2;17,4;29,4;28,1;18,9;17,2;56;49;49;138;7,6;3,4;
2025/02/03;1600 UTC;0;958,6;959,5;958,5;3463,3;30;16,8;30,8;29,1;18,7;16,3;52;43;45;132;7,1;3,5;
2025/02/03;1700 UTC;0;958;958,6;957,9;3420,5;31,3;15,6;31,8;29,9;18;15,1;47;37;39;121;7,7;3,2;
2025/02/03;1800 UTC;0;957,4;958;957,4;2340,7;30,8;16,3;31,8;30,6;17,3;14,3;43;35;42;127;7,9;2,9;
2025/02/03;1900 UTC;0;957,4;957,4;957,3;1672,7;29,9;16,1;31,1;29,9;17,5;15,8;46;41;43;152;7,3;3,8;
2025/02/03;2000 UTC;0;957,1;957,4;957;767,5;30,4;16,4;30,6;29,9;16,8;15,6;45;40;43;103;7,1;2,1;
2025/02/03;2100 UTC;0;957,1;957,1;956,9;263,6;29,6;16,5;30,6;29,5;16,9;15,9;45;42;45;127;4,8;1,4;
2025/02/03;2200 UTC;0;957,3;957,5;957,1;1,7;27,5;17,7;29,6;27,5;17,8;16,1;55;44;55;32;4,9;1,6;
2025/02/03;2300 UTC;0;958;958,1;957,3;;25,7;19,1;27,5;25,4;20,4;17,7;74;55;67;351;2,5;1,1;
2025/02/04;0000 UTC;0;958,9;958,9;958;;25,3;19,3;25,9;24,8;20,2;17,9;75;61;69;120;2,2;1;
2025/02/04;0100 UTC;0;959,6;959,6;958,9;;27,1;17,4;27,1;24,8;19,6;17,3;73;55;56;110;5,1;2,5;
2025/02/04;0200 UTC;0;960,1;960,2;959,6;;25,9;17,9;27,1;25,8;17,9;17,3;61;55;61;147;5,3;1,7;
2025/02/04;0300 UTC;0;959,4;960,1;959,4;;25,6;18,5;25,9;25,5;18,8;17,9;67;61;65;120;4,6;2;
2025/02/04;0400 UTC;0;959,3;959,4;959,3;;24,7;18,5;25,6;24,7;18,5;18,4;69;65;69;128;4,6;2,3;
2025/02/04;0500 UTC;0;959,1;959,4;959,1;;24,1;18,1;24,8;24;18,5;17,9;69;66;69;130;6,1;2,3;
2025/02/04;0600 UTC;0;959,3;959,3;959,1;;23,2;18,5;24,1;23,2;18,5;18,1;75;69;75;129;5,2;1,6;
2025/02/04;0700 UTC;0;959,5;959,5;959,3;;22,1;19,4;23,2;22;19,4;18,5;85;75;85;152;3,6;1,5;
2025/02/04;0800 UTC;0;959,9;959,9;959,5;;22;19,1;22,2;22;19,4;19,1;85;83;84;143;3,4;1,5;
2025/02/04;0900 UTC;0;960,4;960,4;959,9;24,2;21,3;19,3;22;21,3;19,3;19;88;83;88;143;3;1,3;
2025/02/04;1000 UTC;0;960,9;960,9;960,4;444;22,3;19,5;22,5;21,3;20,1;19,3;90;84;84;149;4,2;2,1;
2025/02/04;1100 UTC;0;961,2;961,2;960,9;917,7;23,5;18,7;23,8;22,1;20,1;18,7;86;74;75;128;7,4;3,4;
2025/02/04;1200 UTC;0;961,3;961,4;961,2;1618,4;25,8;19;25,8;23,4;19,6;18,6;76;66;66;112;7,4;2,4;
2025/02/04;1300 UTC;0;961,3;961,3;961,1;2202,8;26,9;18,2;27;25,2;19,1;17,5;67;58;59;115;8,7;3,5;
2025/02/04;1400 UTC;0;961,2;961,4;961,2;2167,4;27,4;16,5;27,9;25,9;18,5;16,4;61;51;52;109;7,6;3,9;
2025/02/04;1500 UTC;0;960,5;961,2;960,5;3601,9;29;15,9;29,3;27,3;18,1;15,1;53;43;45;130;9,6;4,2;
2025/02/04;1600 UTC;0;959,6;960,5;959,6;3908,1;30,7;14,8;30,7;29;16,2;14,1;46;37;38;111;9,2;4,2;
2025/02/04;1700 UTC;0;958,8;959,6;958,8;3516,2;31,2;15;31,2;30,1;15,7;14,1;41;36;38;117;9,1;3,9;
2025/02/04;1800 UTC;0;958,1;958,8;958;2733;30,3;14,1;31,5;30,3;15,5;13,2;39;34;37;120;9;4,1;
2025/02/04;1900 UTC;0;957,6;958,1;957,5;1613;31,2;15,2;31,3;30,1;15,7;13,7;40;35;38;104;8;2,1;
2025/02/04;2000 UTC;0;957,7;957,7;957,6;664;29,9;15;31,2;29,9;15,6;14,5;42;38;41;124;6,3;2,7;
2025/02/04;2100 UTC;0;958;958;957,6;114,9;29,4;15,8;29,9;29,4;15,9;15;44;40;44;107;6;1,9;
2025/02/04;2200 UTC;0;958,2;958,2;957,9;;28,9;15,7;29,4;28,8;16;15,5;46;43;45;107;3,8;1,5;
2025/02/04;2300 UTC;0;958,6;958,6;958,2;;28,2;16,2;28,8;28,2;16,3;15,7;49;45;48;88;3,1;1,5;
2025/02/05;0000 UTC;0;959;959;958,6;;27,3;16,8;28,2;27,3;16,8;16,3;53;48;53;81;3,8;1,7;
2025/02/05;0100 UTC;0;959,2;959,2;959;;26,3;18;27,3;26,1;18,2;16,8;62;53;60;42;3,3;1,8;
2025/02/05;0200 UTC;0;959,6;959,6;959,2;;26,3;18;26,5;26,2;18;17,5;60;58;60;128;3;1,3;
2025/02/05;0300 UTC;0;959,7;959,7;959,5;;25,4;16,9;26,3;25,4;18,2;16,9;63;59;60;121;3,8;2;
2025/02/05;0400 UTC;0;959,4;959,7;959,4;;24,8;17;25,4;24,5;17;16,6;62;59;62;117;3,8;1,8;
2025/02/05;0500 UTC;0;959,1;959,4;959,1;;24,5;17,6;24,8;24,5;17,7;17;66;62;66;130;4,1;2,2;
2025/02/05;0600 UTC;0;959,2;959,2;959,1;;24;17,5;24,5;24;17,7;17,5;67;66;67;145;5,4;2,5;
2025/02/05;0700 UTC;0;959,6;959,6;959,2;;23,2;17,5;24;23,2;17,6;17,4;70;67;70;149;6,1;3,1;
2025/02/05;0800 UTC;0;960;960,1;959,5;;22,3;17,9;23,3;22,3;17,9;17,5;76;70;76;149;5,5;2;
2025/02/05;0900 UTC;0;960,5;960,5;960;7,6;21,4;18,6;22,3;21,4;18,6;17,9;84;76;84;150;5;1,8;
2025/02/05;1000 UTC;0;961,1;961,1;960,5;393,7;22,8;18,9;22,8;21,4;19;18,7;85;79;79;149;5,3;2,8;
2025/02/05;1100 UTC;0;961,6;961,6;961,1;1109,4;24,4;18,1;24,6;22,7;19,4;18,1;79;68;68;134;6,9;3,2;
2025/02/05;1200 UTC;0;961,9;961,9;961,6;2020,9;25,8;17;26,4;24,1;18,7;17;69;57;59;108;7,6;3,7;
2025/02/05;1300 UTC;0;961,6;961,9;961,5;2619,4;27,1;17,1;27,2;25,5;18,7;16,8;62;54;54;117;8,3;3,6;
2025/02/05;1400 UTC;0;961;961,6;961;2880;28,4;15,9;29,2;26,6;18,3;15,9;58;46;47;100;8,6;2,9;
2025/02/05;1500 UTC;0;960,3;961,1;960,3;3213,6;29,2;16,3;30;28;17,5;15,8;50;44;46;94;7,7;3,6;
2025/02/05;1600 UTC;0;959,4;960,3;959,4;3398,7;30,1;15,4;30,7;28,9;17,5;15,4;48;41;41;115;7,1;3;
2025/02/05;1700 UTC;0;958,8;959,5;958,8;2744,8;30,2;16,5;30,8;29,4;16,9;15,2;46;40;44;99;6,6;2,1;
2025/02/05;1800 UTC;0;958;958,8;958;2141,1;30,5;15,1;31,5;29,8;17,8;14,5;46;38;39;155;6,9;3,5;
2025/02/05;1900 UTC;0;957,5;958;957,5;1422;30,7;14,7;31,3;30,3;15,7;14,3;40;37;38;141;6,8;2,3;
2025/02/05;2000 UTC;0;957,5;957,6;957,5;1262,8;30,9;14;31,5;30,5;15,7;14;40;36;36;119;6,4;2,9;
2025/02/05;2100 UTC;0;957,7;957,7;957,4;426;29,6;14,2;30,9;29,6;14,2;13,3;39;35;39;141;8;3,2;
2025/02/05;2200 UTC;0;957,9;957,9;957,6;1,5;28,8;15,8;29,6;28,8;15,8;14,2;45;39;45;131;5,7;2,7;
2025/02/05;2300 UTC;0;959,6;959,6;957,9;;26,6;18,3;28,8;26,6;18,3;15,8;60;45;60;108;10,8;3,2;
2025/02/06;0000 UTC;0;960,5;960,6;959,6;;23,4;19;26,6;23,4;19,7;18,2;76;60;76;68;10,7;5,1;
2025/02/06;0100 UTC;0;961;961,1;960,5;;22,7;19,5;23,6;22,5;19,6;18,8;84;74;82;74;9,2;4,1;
2025/02/06;0200 UTC;0;960,6;961,1;960,6;;22,4;19;22,7;22,4;19,5;19;83;80;81;73;8,6;3,9;
2025/02/06;0300 UTC;0;960,5;960,8;960,5;;22,2;18,6;22,5;22,2;19,1;18,6;82;80;80;88;6,8;3,4;
2025/02/06;0400 UTC;0;959,8;960,6;959,8;;22;18,7;22,3;22;18,8;18,6;81;80;81;119;6;1,8;
2025/02/06;0500 UTC;0;959,1;959,8;959,1;;21,9;18,8;22;21,8;18,8;18,7;83;81;83;93;4,1;1,7;
2025/02/06;0600 UTC;0;959;959,1;958,9;;21,5;19,1;21,9;21,5;19,1;18,7;86;82;86;83;4,3;2;
2025/02/06;0700 UTC;0;959,4;959,4;958,9;;21,4;19,4;21,6;21,4;19,5;19,1;89;86;89;71;3,4;1,6;
2025/02/06;0800 UTC;0;960,3;960,3;959,4;;21,5;19,8;21,5;21,3;19,8;19,5;90;89;90;94;3,1;1,5;
2025/02/06;0900 UTC;0;960,7;960,8;960,3;;21,2;20,3;21,5;21,2;20,3;19,7;94;90;94;96;3,5;,8;
2025/02/06;1000 UTC;,2;961,3;961,3;960,6;143,7;21,6;20,5;21,6;21,2;20,7;20,3;95;93;93;85;3,8;1,7;
2025/02/06;1100 UTC;0;961,8;961,8;961,3;416,4;22,4;20,8;22,4;21,6;20,9;20,5;94;90;91;88;4,4;2,4;
2025/02/06;1200 UTC;0;962,2;962,3;961,8;538,4;23,2;20,4;23,2;22,4;21;20,2;91;84;84;115;4,5;2,3;
2025/02/06;1300 UTC;0;961,7;962,2;961,7;1022,7;24,6;19,7;24,6;23,2;20,8;19,7;85;74;74;126;5,7;2,8;
2025/02/06;1400 UTC;0;961;961,7;961;1755,7;26,5;19,4;26,5;24,6;20,1;19,2;75;65;65;132;6;3,2;
2025/02/06;1500 UTC;0;960,3;961;960,3;2909,4;28,5;18,9;28,7;26,5;20,2;18,6;66;56;56;119;6,2;2,8;
2025/02/06;1600 UTC;0;959,5;960,3;959,5;2921,5;29,7;19,6;29,7;27,6;19,8;18,4;59;52;55;134;6,9;3,6;
2025/02/06;1700 UTC;0;958,5;959,5;958,5;3299,4;30,3;18,6;30,6;28,9;19,7;17,2;55;45;50;121;7,1;3,3;
2025/02/06;1800 UTC;0;958;958,5;958;1939,9;30,6;18,2;30,9;29,5;19,2;17,8;53;47;48;125;7,8;3,2;
2025/02/06;1900 UTC;0;957,8;958;957,8;1252,1;30,4;18,1;30,6;29,6;18,6;16,9;50;46;48;110;7,8;2,7;
2025/02/06;2000 UTC;0;957,8;957,8;957,6;1381,4;30,3;17;31,2;30,3;18,2;16,9;48;43;45;113;7,4;3,6;
2025/02/06;2100 UTC;0;957,9;957,9;957,7;312,6;28,7;18,6;30,4;28,7;18,7;17,3;54;45;54;93;8,6;3,2;
2025/02/06;2200 UTC;,6;958,8;958,8;957,9;0;25,7;21,1;28,7;25,2;21,3;18,7;76;55;76;103;9,3;3,3;
2025/02/06;2300 UTC;0;959,7;959,7;958,8;;25,5;20;25,9;25,4;21,3;20;77;72;72;92;6,3;2,1;
2025/02/07;0000 UTC;0;960,1;960,1;959,7;;24,9;19,6;25,6;24,9;20,1;19,5;73;71;72;60;5,4;2,3;
2025/02/07;0100 UTC;0;959,8;960,3;959,8;;25,2;19,6;25,2;24,5;20;19,6;76;71;71;92;6,4;2,8;
2025/02/07;0200 UTC;0;959,7;960;959,7;;24,1;19,9;25,2;24;19,9;19,6;77;71;77;81;5,7;2;
2025/02/07;0300 UTC;0;959,1;959,7;959,1;;23,4;20,3;24,1;23,4;20,3;19,9;83;77;83;73;3,6;2,1;
2025/02/07;0400 UTC;0;958,2;959,1;958,2;;23,1;20,9;23,4;23;20,9;20,4;88;83;88;92;4,4;1,8;
2025/02/07;0500 UTC;0;958,3;958,3;958,1;;22,2;20,9;23,1;22,2;21;20,8;92;88;92;52;4,1;,6;
2025/02/07;0600 UTC;0;958,2;958,3;958;;22,9;20,9;22,9;22,1;21,7;20,9;96;88;88;92;2,3;1,3;
2025/02/07;0700 UTC;0;958,2;958,3;958,1;;22,9;20,1;23;22,8;20,8;20,1;88;84;85;115;4;1,8;
2025/02/07;0800 UTC;0;958,5;958,5;958,1;;22,7;20;22,9;22,7;20,1;19,9;85;83;85;173;3,8;1,7;
2025/02/07;0900 UTC;0;959;959;958,5;3,4;22,7;19,9;22,7;22,6;20,1;19,9;85;84;84;137;3,3;1,6;
2025/02/07;1000 UTC;0;959,8;959,8;959;82,5;22,8;20,2;22,9;22,7;20,2;19,9;85;84;85;136;4,9;2,4;
2025/02/07;1100 UTC;0;960,3;960,3;959,8;531,9;23,3;20,9;23,3;22,7;20,9;19,9;88;82;87;161;6,7;3,4;
2025/02/07;1200 UTC;0;960,4;960,4;960,3;1369,7;25;19;25,3;23,3;21;19;87;69;69;125;6;3,2;
2025/02/07;1300 UTC;0;960,5;960,5;960,4;1522,6;25,9;18,4;26,7;24,7;19,7;17,9;71;61;64;144;6,4;3,5;
2025/02/07;1400 UTC;0;960,2;960,5;960,1;1593,6;27,1;18,3;27,2;25,6;19,2;17,7;66;57;58;112;6,2;2,6;
2025/02/07;1500 UTC;0;959,7;960,2;959,7;1768,5;27,7;17,5;27,9;26,9;18,5;17,2;59;54;54;125;5,9;2,9;
2025/02/07;1600 UTC;0;958,7;959,7;958,7;2451,7;28,9;17,2;29,4;27,7;18,6;16,5;54;47;49;99;5,4;2,8;
2025/02/07;1700 UTC;0;958,1;958,7;958,1;976,3;28,9;17,1;29;28,2;17,8;16,6;52;48;49;142;5,7;2,3;
2025/02/07;1800 UTC;0;957,8;958,1;957,8;1605,9;29,8;16,9;30,1;28,7;18;16,4;51;45;46;134;5,9;2,7;
2025/02/07;1900 UTC;0;957,4;957,8;957,4;1420,8;29,1;18,1;29,8;29,1;18,2;16,4;52;45;52;167;6,2;3,3;
2025/02/07;2000 UTC;0;957,2;957,5;957,2;710,2;28,8;16,8;29,6;28,8;18,6;16,3;53;45;48;131;6,8;3;
2025/02/07;2100 UTC;0;957,3;957,3;957,2;214,3;27,9;18,1;28,8;27,9;18,1;16,9;55;48;55;115;5,1;1,1;
2025/02/07;2200 UTC;0;957,6;957,7;957,3;,6;25,7;19,1;27,9;25,7;19,1;18;67;55;67;52;2,2;,7;
2025/02/07;2300 UTC;0;958,2;958,2;957,6;;24;19,5;25,7;24;19,6;18,9;76;67;76;337;1,6;1,3;
2025/02/08;0000 UTC;0;958,9;958,9;958,2;;23,1;20,5;24,1;23,1;20,5;19,5;85;76;85;335;1,6;,8;
2025/02/08;0100 UTC;0;959,4;959,4;958,8;;25;19,3;25;22,8;20,5;19,3;86;71;71;118;4,3;2,3;
2025/02/08;0200 UTC;0;959,7;959,7;959,4;;25;19,3;25,3;24,8;19,3;18,9;71;68;71;119;5,8;2,7;
2025/02/08;0300 UTC;0;959,3;959,7;959,2;;24,3;19,4;25;24,3;19,4;19,2;74;71;74;134;6,4;2,4;
2025/02/08;0400 UTC;0;959;959,4;959;;24,2;19,8;24,4;24,2;19,9;19,4;77;74;76;86;4,6;1,8;
2025/02/08;0500 UTC;0;958,4;959;958,4;;24,2;19,1;24,4;24,2;19,8;19;76;72;73;101;5,5;2,5;
2025/02/08;0600 UTC;0;958,3;958,5;958,3;;23,6;19,2;24,2;23,6;19,2;19,1;76;73;76;115;4,9;2,4;
2025/02/08;0700 UTC;0;958,3;958,4;958,2;;23,1;19,5;23,6;23;19,5;19,2;81;76;80;118;4,5;2,1;
2025/02/08;0800 UTC;0;958,6;958,6;958,2;;22,9;19,2;23,1;22,9;19,5;19,2;81;80;80;128;4,3;2;
2025/02/08;0900 UTC;0;958,9;958,9;958,6;9;22,6;19,3;23;22,6;19,3;19,2;82;79;82;130;4,5;2;
2025/02/08;1000 UTC;0;960;960;958,9;166,9;23,2;19,6;23,2;22,6;19,6;19,4;82;80;80;121;5,8;3;
2025/02/08;1100 UTC;0;960,4;960,4;960;835,9;24,4;17,9;24,4;23,2;19,7;17,9;81;67;67;108;7,9;4,4;
2025/02/08;1200 UTC;0;960,5;960,6;960,4;1464,1;25,2;17;25,4;24,2;18,9;16,9;71;60;60;128;7,9;4;
2025/02/08;1300 UTC;0;960,2;960,5;960,2;2802,8;28;17;28;25,1;17,3;16,2;61;49;51;94;8,1;3,2;
2025/02/08;1400 UTC;0;959,6;960,3;959,5;3442,6;28,7;15,7;28,9;27,4;17,1;15,7;52;45;46;103;9,2;4,5;
2025/02/08;1500 UTC;0;959;959,6;959;3800,4;29,9;14,9;29,9;28,4;16,5;12,9;48;35;40;122;9,2;3,5;
2025/02/08;1600 UTC;0;958;959;958;3794,9;31;13,4;31;29,5;15,8;12,6;43;33;34;80;7,8;3;
2025/02/08;1700 UTC;0;957,3;958,1;957,3;3366;31,1;12,4;31,7;30,4;14,7;12;36;31;32;137;8,5;3,6;
2025/02/08;1800 UTC;0;956,6;957,3;956,6;2786,6;31,7;12,4;32,2;30,9;13,9;12,1;34;30;31;108;6,7;3,1;
2025/02/08;1900 UTC;0;956,3;956,6;956,2;1847,3;31,8;13,2;32,3;30,7;14,2;11,9;34;30;32;121;7,1;3,1;
2025/02/08;2000 UTC;0;956,6;956,6;956,3;888,9;30,4;12,4;31,8;30,2;13,5;12,2;34;31;33;134;7,5;3,4;
2025/02/08;2100 UTC;0;957,1;957,1;956,6;260,1;28,9;12,4;30,4;28,9;12,5;11,7;36;33;36;149;6,4;2,8;
2025/02/08;2200 UTC;0;957,8;957,8;957,1;;25,9;14,5;28,9;25,9;14,6;12,4;49;36;49;147;4,9;,9;
2025/02/08;2300 UTC;0;958,6;958,6;957,7;;23,6;16,7;25,9;23,1;16,9;14,4;68;49;65;312;2,2;,5;
2025/02/09;0000 UTC;0;959,5;959,5;958,6;;22,1;16,8;23,6;22,1;16,8;16,1;72;64;72;302;1,6;,7;
2025/02/09;0100 UTC;0;960;960;959,5;;22,1;16,6;23,2;21,6;17,5;16,2;77;65;71;336;2;1,5;
2025/02/09;0200 UTC;0;959,9;960;959,9;;20,4;17,4;22,1;20,4;17,4;16,4;83;71;83;171;2;,4;
2025/02/09;0300 UTC;0;959,9;960,1;959,9;;20,5;17,9;21;20,2;18,6;17,4;88;82;85;331;2;1,5;
2025/02/09;0400 UTC;0;959,5;959,9;959,5;;21,7;16,9;22,4;20,5;17,9;16,5;85;70;74;23;2,4;1,4;
2025/02/09;0500 UTC;0;959,5;959,5;959,4;;21,7;17,5;22;21,4;17,6;16,9;78;74;77;46;2;1;
2025/02/09;0600 UTC;0;959,2;959,5;959,1;;20;18,5;21,8;19,8;18,5;17,4;91;77;91;284;1,6;,6;
2025/02/09;0700 UTC;0;959,4;959,4;959,2;;21,9;18,8;21,9;19,9;18,8;18,3;91;82;83;84;2,6;1,3;
2025/02/09;0800 UTC;0;959,8;959,8;959,4;;21,7;19,2;22,4;21,7;19,2;18,8;86;81;86;172;2,2;,6;
2025/02/09;0900 UTC;0;960,2;960,2;959,8;5,8;22;18,9;22;21,5;19,3;18,8;87;82;82;142;2,7;1,7;
2025/02/09;1000 UTC;0;961,1;961,1;960,2;242,1;22,5;18,8;22,5;22;19;18,8;83;80;80;129;3,5;1,6;
2025/02/09;1100 UTC;0;961,6;961,6;961,1;321,5;23,3;19,4;23,3;22,5;19,4;18,9;81;79;79;125;4,3;2,3;
2025/02/09;1200 UTC;0;961,7;961,7;961,6;1079,1;24,7;19,2;24,8;23,3;19,9;19,1;79;71;71;120;5,3;2,5;
2025/02/09;1300 UTC;0;961,3;961,7;961,3;1866,4;26,9;19;27;24,7;19,8;18,8;72;62;62;89;5,8;2,5;
2025/02/09;1400 UTC;0;960,8;961,3;960,8;2572,1;28,4;18,2;29,2;26,6;19,3;17;63;50;54;102;6,9;2,8;
2025/02/09;1500 UTC;0;960;960,8;960;3250,6;30;17,4;30,2;27,9;19;16,8;56;46;47;103;6,8;2,9;
2025/02/09;1600 UTC;0;959,1;960;959,1;3002,7;30,8;16,9;31,2;29,7;17,6;15,6;47;40;43;92;7,4;3,6;
2025/02/09;1700 UTC;0;958,2;959,1;958,2;2646,7;31,3;16,4;32;30,4;17,2;14,7;44;36;41;114;6,7;2,7;
2025/02/09;1800 UTC;0;957,7;958,2;957,7;1546;30,7;15,5;31,4;30,6;16,1;14,9;42;38;40;135;6,9;3;
2025/02/09;1900 UTC;0;957,3;957,7;957,3;1043,3;29,8;16,8;30,8;29,8;17;15,8;46;40;45;136;7,2;4;
2025/02/09;2000 UTC;0;957,3;957,4;957,3;950,3;29,3;16,8;30,1;29,3;17,4;16,5;48;45;47;145;7,3;3,3;
2025/02/09;2100 UTC;0;957,7;957,7;957,3;203,2;28,3;15,7;29,3;28,3;16,7;15,3;48;44;46;140;7;2,2;
2025/02/09;2200 UTC;0;957,8;957,8;957,7;;25,7;16,7;28,3;25,7;17,1;15,6;59;46;58;133;4,3;,7;
2025/02/09;2300 UTC;0;958,4;958,4;957,8;;25,3;17,1;26,6;25,3;17,3;16,7;61;55;61;79;2,8;,4;
2025/02/10;0000 UTC;0;959,2;959,2;958,4;;23,6;18,2;25,3;23,6;18,4;17,1;72;60;72;330;1,6;1,2;
2025/02/10;0100 UTC;0;959,6;959,6;959,2;;23,1;18,8;23,8;22,9;18,8;18,1;77;71;77;286;1,5;,3;
2025/02/10;0200 UTC;0;959,9;959,9;959,6;;23,3;19,2;23,4;22,9;19,9;18,8;83;76;78;26;1,4;1;
2025/02/10;0300 UTC;0;959,7;959,9;959,7;;22,3;20;23,3;22,3;20;19,2;87;78;87;347;1,4;,4;
2025/02/10;0400 UTC;0;959,5;959,7;959,5;;22,8;20,3;22,8;21,8;20,5;20;90;85;86;88;1,2;,3;
2025/02/10;0500 UTC;0;959,2;959,5;959,2;;24;19,3;24,2;22,8;20,4;18,8;87;73;75;93;2,9;1,3;
2025/02/10;0600 UTC;0;958,7;959,2;958,7;;23,3;19,2;24,2;23,3;19,2;19;78;73;78;117;3,3;1,6;
2025/02/10;0700 UTC;0;959;959;958,7;;22,6;20,1;23,3;22,6;20,1;19,2;86;78;86;114;3,7;1,2;
2025/02/10;0800 UTC;0;959,3;959,3;959;;22,9;20,9;22,9;22,3;20,9;19,9;90;86;89;107;2,7;,8;
2025/02/10;0900 UTC;0;960;960;959,3;6,9;23;20,7;23;22,8;20,9;20,7;89;87;87;147;4,5;2,7;
2025/02/10;1000 UTC;0;960,5;960,5;960;265,9;23,7;20,5;23,7;23;20,7;20,3;87;83;83;141;5,3;3,1;
2025/02/10;1100 UTC;0;960,9;960,9;960,5;1087,9;25,1;19,7;25,4;23,6;20,5;19,7;83;72;72;134;7,1;3,5;
2025/02/10;1200 UTC;0;961,1;961,2;960,9;1409,5;26,3;18,7;26,5;24,7;19,8;18,7;74;63;63;142;7,1;3,3;
2025/02/10;1300 UTC;0;960,9;961,1;960,9;2126,4;28,1;17,6;28,1;26;19,2;17,6;65;53;53;120;6,4;3,3;
2025/02/10;1400 UTC;0;960,6;961;960,6;2274,6;28,6;17,2;29,2;27,5;18,3;16,6;55;48;50;136;8,2;3,5;
2025/02/10;1500 UTC;0;960,1;960,6;960,1;1963,9;28,9;17;29,4;28,3;18;16,8;52;49;49;112;7;3,3;
2025/02/10;1600 UTC;0;959,3;960,1;959,3;2625,1;29,6;16,6;30,7;28,9;18,5;16,2;50;44;46;128;7,5;3;
2025/02/10;1700 UTC;0;958,5;959,3;958,5;2316,5;30;17;31,3;29,5;18,2;16,4;48;42;46;152;7;3,2;
2025/02/10;1800 UTC;0;957,5;958,5;957,5;1495,5;31;16,7;31,2;29,7;17,6;16;47;41;42;159;7,2;3,2;
2025/02/10;1900 UTC;0;957;957,5;957;1459,3;31,2;15,3;31,3;30,6;17,8;15,3;45;38;38;130;8,1;3;
2025/02/10;2000 UTC;0;956,9;957;956,7;727,2;31,1;14,6;31,7;31;15,9;14,1;39;36;37;123;6,7;2,3;
2025/02/10;2100 UTC;0;957,7;957,7;956,9;174,4;28,1;17;31,1;28,1;17,1;14,3;51;36;51;128;10,4;4;
2025/02/10;2200 UTC;0;958;958;957,7;;28;14,8;28,3;28;16,8;14,7;51;44;45;65;7,3;2,4;
2025/02/10;2300 UTC;0;958,4;958,5;958;;26,8;16,2;28,1;26,8;16,2;14,8;52;44;52;50;4,6;2,2;
2025/02/11;0000 UTC;0;959,5;959,5;958,4;;25,7;17;26,8;25,3;17,1;16,2;60;52;59;63;3,5;2,1;
2025/02/11;0100 UTC;0;960;960;959,5;;24,4;17,7;25,7;24,4;17,7;17;66;59;66;50;3,3;1,5;
2025/02/11;0200 UTC;0;960,3;960,4;960;;24,5;18,5;24,6;24;18,5;17,7;70;66;69;100;2,9;1,3;
2025/02/11;0300 UTC;0;960;960,3;960;;24,5;19,1;24,7;24,4;19,1;18,5;72;69;72;76;3,3;1,6;
2025/02/11;0400 UTC;0;959,6;960;959,6;;24,5;19,1;24,8;24,3;19,2;19,1;73;71;72;104;4,4;1,6;
2025/02/11;0500 UTC;0;959,2;959,6;959,2;;24,2;19;24,5;24,1;19,1;19;73;72;73;89;4,4;2,1;
2025/02/11;0600 UTC;0;958,9;959,2;958,8;;23,9;18,6;24,2;23,9;19;18,6;74;72;72;94;4,4;2,3;
2025/02/11;0700 UTC;0;959,1;959,1;958,8;;23,9;18,6;24;23,9;18,7;18,5;73;72;72;101;4,3;1,9;
2025/02/11;0800 UTC;0;959,2;959,2;959;;23,4;18,8;23,9;23,4;18,8;18,5;75;72;75;90;4,3;2;
2025/02/11;0900 UTC;0;959,7;959,7;959,2;6,4;23,1;19,1;23,4;23;19,1;18,8;78;75;78;102;4,3;1,5;
2025/02/11;1000 UTC;0;960,2;960,2;959,7;209;23,4;19,5;23,4;23,1;19,5;19;79;77;78;119;3,9;1,9;
2025/02/11;1100 UTC;0;960,5;960,6;960,2;687,5;24,6;19,2;24,6;23,4;19,5;19,1;78;72;72;110;5;2,6;
2025/02/11;1200 UTC;0;960,8;960,8;960,5;1525,1;25,6;18,2;26,8;24,5;19,5;18,1;73;61;64;108;8,1;4,6;
2025/02/11;1300 UTC;0;960,8;960,9;960,7;1639,6;27;18,4;27,1;25,6;18,9;17,9;65;59;59;121;8,1;3,8;
2025/02/11;1400 UTC;0;960,3;960,8;960,2;2229,2;28,5;18,2;28,5;27;19,1;18;60;54;54;105;8,5;3,3;
2025/02/11;1500 UTC;0;959,3;960,3;959,3;2480,9;30,1;17,2;30,4;27,9;18,7;16,9;56;46;46;140;8,5;3,5;
2025/02/11;1600 UTC;0;958,4;959,3;958,4;2974,6;30,7;15,4;31,6;29,7;18,2;15,4;48;39;40;113;9;4,2;
2025/02/11;1700 UTC;0;957,6;958,4;957,6;2827,8;32,2;13,8;32,4;30,6;16,5;13,8;41;33;33;107;9,9;3,3;
2025/02/11;1800 UTC;0;957,1;957,6;957,1;2254,2;32,2;13,7;32,8;31,1;14,8;13;36;32;33;128;7,9;3,4;
2025/02/11;1900 UTC;0;956,9;957,1;956,8;1756,5;32,2;13,1;32,8;31,8;14,2;13;33;31;31;121;8,2;3,4;
2025/02/11;2000 UTC;0;957;957;956,8;747,1;31,1;13,2;32,2;31,1;13,8;12,7;34;31;34;137;8,5;3,5;
2025/02/11;2100 UTC;0;957,1;957,1;956,9;303,7;30,3;13,4;31,3;30,3;13,7;13,1;36;33;36;129;6,8;2,1;
2025/02/11;2200 UTC;0;957,6;957,6;957,1;,2;28,7;14,2;30,3;28,7;14,2;13,4;41;36;41;121;4;1,6;
2025/02/11;2300 UTC;0;958,2;958,2;957,6;;25,3;15,5;28,7;25,3;15,5;14,2;55;41;55;131;2,9;,5;
2025/02/12;0000 UTC;0;958,7;958,7;958,2;;24,1;16,8;25,3;24;17,6;15,5;66;55;64;232;3,9;1,4;
2025/02/12;0100 UTC;0;959;959;958,5;;23,2;17,4;24,3;23,1;17,6;16,5;70;62;70;322;3,9;,6;
2025/02/12;0200 UTC;0;959,4;959,4;959;;24,8;16,5;25,3;23,2;17,7;16,1;71;57;60;97;2,6;,7;
2025/02/12;0300 UTC;0;959,3;959,4;959,3;;24,8;16,7;25,3;24,5;17,1;16,3;63;58;61;52;3,8;2,1;
2025/02/12;0400 UTC;0;959,1;959,3;959,1;;23,4;17,2;25,2;23,4;17,2;16,5;68;59;68;37;3,8;1,6;
2025/02/12;0500 UTC;0;959;959,2;959;;24,5;17,3;24,5;23,1;17,5;17,2;70;64;64;77;4,1;2,4;
2025/02/12;0600 UTC;0;959;959;958,9;;23,9;16,6;24,6;23,9;17,3;16,2;64;61;64;70;4,6;2,4;
2025/02/12;0700 UTC;0;958,9;959,1;958,9;;23,7;16;23,9;23,4;16,8;15,9;66;62;62;111;5,2;2,6;
2025/02/12;0800 UTC;0;959,5;959,5;958,9;;22;16,5;23,7;22;16,5;16;71;62;71;102;5,2;1,2;
2025/02/12;0900 UTC;0;959,7;959,7;959,4;7,9;22;17,1;22,2;21,9;17,1;16,5;74;71;74;106;3,3;1,4;
2025/02/12;1000 UTC;0;960,4;960,4;959,7;376,4;23,3;17,5;23,4;22;17,8;17,1;74;70;70;111;4,1;2,4;
2025/02/12;1100 UTC;0;960,9;960,9;960,4;1221,3;25,4;18;25,4;23,2;18,1;17,4;71;63;64;116;6,9;3,1;
2025/02/12;1200 UTC;0;961,1;961,1;960,9;2094,4;26,8;16,1;27;25,2;18,2;16,1;64;52;52;96;8,1;4,1;
2025/02/12;1300 UTC;0;960,9;961,1;960,9;2844,9;28,5;15,9;28,9;26,6;17,4;15,7;54;46;46;88;8,1;3,2;
2025/02/12;1400 UTC;0;960,5;961;960,5;3010,1;29,4;15,8;29,7;28;16,8;15,1;48;43;44;94;7,4;3,3;
2025/02/12;1500 UTC;0;960,1;960,6;960,1;3576,4;31;15,3;31,5;29,4;17,1;13,9;45;35;39;86;8;2,6;
2025/02/12;1600 UTC;0;959,2;960,1;959,2;3665,9;31,6;13,1;32,4;30,8;15,6;12,9;39;31;32;94;8,2;3,4;
2025/02/12;1700 UTC;0;958,4;959,2;958,3;3361,4;33;12,1;33,5;31,5;14,2;11,7;34;27;28;113;8,5;3,3;
2025/02/12;1800 UTC;0;957,7;958,4;957,7;2938,1;33,7;11,2;33,9;32,4;12,7;10;29;24;25;103;7,8;3,5;
2025/02/12;1900 UTC;0;957,3;957,7;957,3;2139,1;33,1;11,7;34;32,4;12,4;9,9;28;24;27;113;8,2;2,8;
2025/02/12;2000 UTC;0;957,4;957,4;957,3;754,4;31,9;12,3;33,2;31,7;13,2;11,5;32;27;30;106;7;3,3;
2025/02/12;2100 UTC;0;957,5;957,5;957,4;263,5;30,7;12,5;31,9;30,7;12,7;11,8;33;30;33;147;6,7;2,6;
2025/02/12;2200 UTC;0;957,9;957,9;957,5;,4;29,1;11,4;30,8;29,1;12,5;11,3;33;31;33;141;6,3;1,6;
2025/02/12;2300 UTC;0;958,3;958,3;957,9;;27;12,1;29,1;27;12,9;11,3;41;33;40;115;3,2;,8;
2025/02/13;0000 UTC;0;959,3;959,3;958,4;;24,7;14,5;27;24,6;14,8;12,1;54;39;53;16;3;1,4;
2025/02/13;0100 UTC;0;959,9;959,9;959,3;;24,2;15,5;25,7;24,2;15,5;14;58;48;58;18;3,5;1,8;
2025/02/13;0200 UTC;0;959,9;959,9;959,9;;23,3;16,4;24,2;23,2;16,5;15,5;65;58;65;14;2,6;1,7;
2025/02/13;0300 UTC;0;959,6;959,9;959,5;;22,5;16;23,3;22,4;16,7;16;68;65;67;7;2,4;1,7;
2025/02/13;0400 UTC;0;959,6;959,7;959,3;;22,4;16,7;23,3;22,1;16,7;15,4;71;63;70;167;6,3;1,1;
2025/02/13;0500 UTC;0;959,6;959,6;959,5;;22,2;16,4;23,2;22,1;16,7;15,9;71;64;70;6;2,2;1,1;
2025/02/13;0600 UTC;0;959,8;959,8;959,5;;21,5;16,6;22,4;20,9;16,7;16,1;76;68;74;43;1,7;,6;
2025/02/13;0700 UTC;0;960,2;960,2;959,8;;20,7;16,7;21,8;20,7;16,8;16,3;78;72;78;264;2,5;,5;
2025/02/13;0800 UTC;0;960;960,2;959,9;;20,3;16,5;20,7;20;17,1;16,5;82;78;79;33;1,5;,9;
2025/02/13;0900 UTC;0;960,5;960,5;960;12,5;20;17;20,4;19,7;17;16,5;83;79;83;30;1,8;1;
2025/02/13;1000 UTC;0;961,1;961,1;960,5;361,1;23,2;16,9;23,3;20;18,4;16,8;83;67;68;125;2,8;1,4;
2025/02/13;1100 UTC;0;961,9;961,9;961,1;1089,1;25,2;17,4;25,2;23,1;17,6;16,8;69;62;62;95;4,7;2,2;
2025/02/13;1200 UTC;0;962;962,1;961,9;2084;27,3;17;27,6;25,1;17,7;16,5;62;53;53;96;6,4;3,1;
2025/02/13;1300 UTC;0;961,8;962;961,7;2837,7;28,5;16;29,3;27,2;17,5;15,4;55;44;47;100;6,9;3,4;
2025/02/13;1400 UTC;0;961,2;961,8;961,2;3295,2;30;15,7;30,6;28,6;17,3;15,2;47;41;42;125;8,6;3,2;
2025/02/13;1500 UTC;0;960,5;961,3;960,5;3601,8;31,5;15,5;31,9;30;16,8;14,7;43;37;38;104;7,4;3,7;
2025/02/13;1600 UTC;0;959,8;960,5;959,8;3489,5;33,1;13,9;33,5;31,3;15,8;13,6;39;31;31;116;7,4;3,6;
2025/02/13;1700 UTC;0;959,1;959,8;959,1;2457,5;32,6;13,1;33,7;31,8;14,4;12,6;34;29;31;125;8;3;
2025/02/13;1800 UTC;0;958,5;959,2;958,5;1561,2;32,4;12,5;33,8;32,2;13,5;12,2;31;28;30;128;7,1;3,3;
2025/02/13;1900 UTC;0;958,1;958,6;958,1;588;32,3;11,6;32,4;31,9;12,6;11,3;30;28;28;126;6,6;3;
2025/02/13;2000 UTC;0;957,8;958,1;957,8;668,2;32,1;11,9;32,5;32,1;12,2;11,4;30;28;29;121;6,2;2,5;
2025/02/13;2100 UTC;0;957,8;957,8;957,7;216,7;31;12,3;32,2;31;12,3;11,5;32;28;32;120;5,7;1,9;
2025/02/13;2200 UTC;0;958,1;958,1;957,8;;27,7;14;31;27,7;14;12,3;43;32;43;25;4;1,1;
2025/02/13;2300 UTC;0;958,8;958,8;958,1;;27,1;14,8;27,7;26,7;15;14,1;49;43;47;28;2,2;1,3;
2025/02/14;0000 UTC;0;959,3;959,3;958,8;;28,3;13,5;28,6;27,1;14,9;13,4;47;40;40;109;2,8;,9;
2025/02/14;0100 UTC;0;960;960;959,3;;25,3;14,9;28,3;25,3;15,9;13,5;55;40;53;9;2,8;1,1;
2025/02/14;0200 UTC;0;960,3;960,3;960;;23,6;15,5;25,3;23,6;15,6;14,9;61;53;61;3;2,8;1,4;
2025/02/14;0300 UTC;0;960,2;960,4;960,2;;22,7;16,3;23,8;22,6;16,7;14,9;69;58;67;223;2,2;1,1;
2025/02/14;0400 UTC;0;959,9;960,2;959,9;;25,6;14,7;26;22,3;16,4;14,6;70;50;51;117;4,3;1,6;
2025/02/14;0500 UTC;0;959,5;959,9;959,5;;22,6;15,5;25,7;22,5;15,6;14,7;65;51;64;155;3;,8;
2025/02/14;0600 UTC;0;959,4;959,5;959,3;;22,9;15,7;24;22,5;15,9;15,5;65;59;64;50;3,5;1,5;
2025/02/14;0700 UTC;0;959,7;959,8;959,4;;22,9;16;23,1;21,8;16,3;15,8;70;64;65;83;3;2;
2025/02/14;0800 UTC;0;959,8;959,8;959,5;;21,1;16,2;23;21,1;16,3;15,9;74;65;74;38;3;1,3;
2025/02/14;0900 UTC;0;960,4;960,4;959,7;12,9;20,4;17;21,1;20,4;17;16,2;81;74;81;3;2,1;1,4;
2025/02/14;1000 UTC;0;961;961;960,4;403,1;23,9;17,6;24,6;20,4;18,3;17,1;81;66;68;115;3,6;1,6;
2025/02/14;1100 UTC;0;961,6;961,6;961;1260;25,4;17,9;25,5;23,9;18,7;17,5;68;63;63;118;4,2;2,3;
2025/02/14;1200 UTC;0;961,7;961,9;961,6;2110,2;27,3;17,4;27,4;25,4;18,4;17,1;65;55;55;122;5,2;2,7;
2025/02/14;1300 UTC;0;961,1;961,7;961;2851,2;28,3;16,1;28,8;27,3;18,4;16,1;57;47;48;122;7,5;3,6;
2025/02/14;1400 UTC;0;960,6;961;960,6;3042,5;30,4;16,2;30,4;28,3;17,6;15,9;50;42;43;112;7,6;3,3;
2025/02/14;1500 UTC;0;959,8;960,6;959,8;3474,2;31,7;15,7;31,8;29,7;16,7;15;43;38;38;120;8;3,4;
2025/02/14;1600 UTC;0;958,9;959,8;958,9;3382;32,4;15,4;32,8;31,3;16,7;14,8;40;35;36;107;7,5;3,3;
2025/02/14;1700 UTC;0;957,9;958,9;957,9;2743;33;14,7;33,6;31,9;15,9;14,4;38;33;33;118;7,5;3;
2025/02/14;1800 UTC;0;957,1;957,9;957,1;2268,2;32,5;14,3;34,1;32,2;16,1;14;36;31;33;115;7,5;3,5;
2025/02/14;1900 UTC;0;956,4;957,1;956,4;1658,7;32,7;14,2;33,5;32,4;14,9;13,6;34;31;33;119;8,2;3,7;
2025/02/14;2000 UTC;0;956,2;956,4;956,1;1214,9;32,4;13,9;33,2;32,3;14,6;13,6;34;31;33;138;8,2;3,9;
2025/02/14;2100 UTC;0;956,6;956,6;956,2;440,6;31,6;14;32,6;31,6;14,3;13,7;34;32;34;131;7,5;2,5;
2025/02/14;2200 UTC;0;957;957,1;956,6;;29,9;15,1;31,6;29,8;15,3;13,9;41;34;41;119;5,3;1,4;
2025/02/14;2300 UTC;0;957,6;957,6;957;;27,5;15,8;30;27,5;16,1;15,2;50;41;49;125;2,8;,5;
2025/02/15;0000 UTC;0;958,4;958,4;957,6;;25,7;16,7;27,9;25,6;17,1;15,5;59;47;58;14;2,9;1,6;
2025/02/15;0100 UTC;0;959,3;959,3;958,4;;27,4;16,1;27,4;25,7;16,8;16,1;58;50;50;52;5;3,1;
2025/02/15;0200 UTC;0;959,2;959,3;959,1;;26,6;16,5;27,7;26,6;16,5;15,7;54;48;54;49;5;2,3;
2025/02/15;0300 UTC;0;958,7;959,2;958,7;;26,2;17,1;26,6;26,2;17,1;16,5;57;54;57;53;3,9;2;
2025/02/15;0400 UTC;0;958,4;958,8;958,3;;24,3;17,3;26,3;24,3;17,4;16,8;65;57;65;4;3,1;,9;
2025/02/15;0500 UTC;0;958,2;958,4;958,2;;22,9;18;24,3;22,1;18,4;17,3;78;65;74;2;1,6;,6;
2025/02/15;0600 UTC;0;957,8;958,2;957,8;;22;17,8;22,9;22;18,2;17,8;78;74;77;17;1,8;,5;
2025/02/15;0700 UTC;0;958,2;958,2;957,8;;22,5;17,8;22,6;21,5;18,2;17,7;80;75;75;39;2,5;1,7;
2025/02/15;0800 UTC;0;958,7;958,7;958,2;;22,8;17,7;23;22,3;18,1;17,7;77;73;73;122;3,4;,8;
2025/02/15;0900 UTC;0;959,2;959,2;958,7;7;24;16,7;24,7;22,8;17,7;16,5;73;61;64;82;4,5;2,3;
2025/02/15;1000 UTC;0;959,6;959,6;959,2;295,8;25;16,8;25,2;23,8;17,5;16,7;66;60;60;102;4,5;2;
2025/02/15;1100 UTC;0;960,4;960,4;959,6;963,4;25,5;17,3;25,8;25;17,5;16,9;63;58;61;95;5,8;2,7;
2025/02/15;1200 UTC;0;960,6;960,7;960,4;1821,1;28;17,4;28,3;25,2;18,8;16,9;61;52;52;102;5,6;2,3;
2025/02/15;1300 UTC;0;960,5;960,6;960,5;2296,2;28,4;18;29,3;27,7;19,2;17,3;56;51;54;65;6,5;3,2;
2025/02/15;1400 UTC;0;960,1;960,5;960,1;2939,6;30,9;17,6;31,3;28,3;18,8;17,2;55;44;45;72;7,6;3,5;
2025/02/15;1500 UTC;0;959,3;960,1;959,3;3516,5;31,8;17,2;32,2;30,4;18,3;16,1;47;39;42;101;6,9;3,1;
2025/02/15;1600 UTC;0;958,3;959,3;958,3;3206,5;31,9;13,9;33,2;30,9;16,7;13,6;41;31;34;121;7;3,1;
2025/02/15;1700 UTC;0;957,3;958,3;957,3;3373;33,9;12,1;33,9;31,4;15,4;12;38;27;27;131;7,8;2,6;
2025/02/15;1800 UTC;0;956,4;957,3;956,4;2336,7;33,7;12,7;34,2;32,6;13,6;11,2;30;25;28;101;8,3;3,8;
2025/02/15;1900 UTC;0;955,9;956,4;955,9;1652,8;33,1;12,5;33,9;33;13,1;11,6;30;26;29;139;8,2;2,8;
2025/02/15;2000 UTC;0;955,9;956;955,8;1118,5;33,1;13,2;33,7;32,9;13,2;11,8;30;27;30;149;7,1;3,5;
2025/02/15;2100 UTC;0;956,1;956,2;955,8;361,8;31,8;11,9;33,1;31,8;13;11,9;30;29;30;137;7,4;3,1;
2025/02/15;2200 UTC;0;956,6;956,6;956,1;;29;12,5;31,8;29;12,9;11,8;37;30;36;154;6,6;1,2;
2025/02/15;2300 UTC;0;957,2;957,2;956,6;;26;13,7;29;25,7;13,8;12,6;47;36;47;187;2,1;,8;
2025/02/16;0000 UTC;0;957,7;957,7;957,2;;25,4;15,1;26,3;24,9;15,7;13,5;56;46;53;3;1,5;,4;
2025/02/16;0100 UTC;0;958,6;958,6;957,7;;24,9;15,6;25,9;24,8;16,1;14,9;59;52;57;29;2,5;1,7;
2025/02/16;0200 UTC;0;959;959;958,6;;24,4;15,2;25,3;24,4;15,7;14,8;58;52;56;6;2,8;,8;
2025/02/16;0300 UTC;0;959;959;958,9;;24,2;16,4;24,5;23,9;16,6;14,8;63;55;62;95;1,8;,2;
2025/02/16;0400 UTC;0;958,8;959;958,7;;24,2;14,7;25,2;23,6;16,8;14,2;64;51;55;143;2,5;1;
2025/02/16;0500 UTC;0;958,7;958,9;958,6;;23,7;15,7;25,2;23,7;15,7;14,6;61;52;61;82;3;,8;
2025/02/16;0600 UTC;0;958,6;958,7;958,5;;22,3;16,8;24,1;22,3;16,9;15,7;71;61;71;115;2,1;,6;
2025/02/16;0700 UTC;0;958,9;958,9;958,6;;23,6;19;23,6;21,9;19;16,8;76;71;76;100;2,9;1,6;
2025/02/16;0800 UTC;0;959,7;959,7;958,9;;23,5;19,7;23,6;23,3;19,7;19,1;79;76;79;113;3,6;1,3;
2025/02/16;0900 UTC;0;960,3;960,3;959,7;7,7;23,5;19,6;23,8;23,5;19,7;19,5;79;78;79;114;3,7;1,8;
2025/02/16;1000 UTC;0;960,8;960,8;960,3;197,1;23,8;19;23,8;23,4;19,7;18,9;80;74;74;118;6,3;3,3;
2025/02/16;1100 UTC;0;961,6;961,6;960,8;1155,9;25,4;18,5;25,7;23,8;19,1;18,3;75;65;66;116;7,4;3,9;
2025/02/16;1200 UTC;0;961,7;961,8;961,6;2133,6;27,6;17,2;27,8;25,5;18,8;16,6;66;53;53;104;7,5;3,3;
2025/02/16;1300 UTC;0;961,6;961,8;961,6;2960,8;28,7;16,4;28,7;26,7;17,6;15,6;56;46;47;103;8,1;4,1;
2025/02/16;1400 UTC;0;961,4;961,6;961,3;3372,6;30,7;14,3;30,7;28,4;16,6;12,7;48;34;37;108;8,2;4,4;
2025/02/16;1500 UTC;0;960,2;961,4;960,2;3673,8;32;12,7;32;30,2;15;12;38;31;31;108;8,4;4,2;
2025/02/16;1600 UTC;0;959,3;960,2;959,3;3033,1;32,1;13;32,8;31,3;13,5;12,3;33;30;31;114;8,4;3,9;
2025/02/16;1700 UTC;0;958,2;959,3;958,2;2564,7;32,7;13,3;33,9;31,9;14,5;12,4;34;29;31;140;7,9;3,9;
2025/02/16;1800 UTC;0;957,3;958,2;957,3;2553,2;32,9;13;33,9;32,2;14,3;12,6;33;28;30;140;13,1;4,9;
2025/02/16;1900 UTC;0;956,9;957,3;956,9;1841,1;33,1;14,6;33,6;31,9;14,8;12,7;35;30;33;148;8,9;4,7;
2025/02/16;2000 UTC;0;957,5;957,5;956,8;1194,6;30,9;16,4;33,1;30,3;17,1;14,2;45;32;42;139;11;4,8;
2025/02/16;2100 UTC;0;958,4;958,4;957,5;256,1;29,4;16;30,9;29,4;16,8;15,8;46;41;44;124;11;3,9;
2025/02/16;2200 UTC;0;958,6;958,6;958,2;;28,3;17,6;29,4;28,3;17,6;16;52;44;52;133;7,3;2,1;
2025/02/16;2300 UTC;0;960;960;958,6;;28,1;17,8;28,3;28;17,8;17,6;54;52;54;135;5,3;2,5;
2025/02/17;0000 UTC;0;960,7;960,7;960;;27,8;18,2;28,2;27,8;18,2;17,8;56;54;56;112;4,8;2,2;
2025/02/17;0100 UTC;0;961;961;960,6;;27,1;18;27,8;27,1;18,2;17,9;58;56;58;123;4,8;2;
2025/02/17;0200 UTC;0;961,4;961,4;961;;25,8;18,3;27,1;25,8;18,3;18;63;58;63;152;5,6;2,8;
2025/02/17;0300 UTC;0;960,9;961,4;960,8;;25,2;19,2;25,8;25,2;19,2;18,3;70;63;70;161;5,8;2,9;
2025/02/17;0400 UTC;1,6;960,1;960,9;960,1;;23,4;21;25,2;23,4;21,1;19,2;86;70;86;149;6,3;1,7;
2025/02/17;0500 UTC;,2;959,6;960,1;959,6;;23,5;21,8;23,6;23,2;22;21,1;92;86;90;143;4,3;1,8;
2025/02/17;0600 UTC;0;959,7;959,7;959,5;;23,4;21,6;23,5;23,3;21,7;21,5;90;89;90;123;4,5;1,6;
2025/02/17;0700 UTC;0;960,2;960,2;959,7;;23,3;20,8;23,5;23,2;21,6;20,8;91;86;86;119;3,8;1,6;
2025/02/17;0800 UTC;0;960,4;960,4;960,2;;22,5;19,7;23,3;22,5;20,9;19,7;86;83;84;132;4,3;1,7;
2025/02/17;0900 UTC;0;960,9;960,9;960,4;5,9;22;19,8;22,5;21,9;19,9;19,7;88;84;87;139;4,1;1,9;
2025/02/17;1000 UTC;0;961,6;961,6;960,9;461,8;23,5;19,8;23,5;22;20,1;19,5;88;79;80;127;3,8;2,2;
2025/02/17;1100 UTC;0;962,3;962,3;961,6;1141;24,7;19,1;25;23,4;20,3;19,1;81;71;71;110;5,2;2,4;
2025/02/17;1200 UTC;0;962,1;962,3;962,1;1820,1;26,6;18,6;26,6;24,5;19,8;18,2;74;62;62;104;7,4;3,5;
2025/02/17;1300 UTC;0;961,8;962,1;961,8;2930,8;28,7;17;29,2;26,1;19;16,5;63;47;49;88;7,3;3,5;
2025/02/17;1400 UTC;0;961,6;961,8;961,6;3347,8;29,6;15,3;30,3;27,9;17,2;15,1;52;41;42;99;7,9;3,6;
2025/02/17;1500 UTC;0;960,8;961,6;960,8;2926;31,3;15,2;31,7;29,5;17,2;14,6;46;37;38;93;8;3,6;
2025/02/17;1600 UTC;0;959,8;960,8;959,8;3311,8;31,6;14,4;33,1;30,9;16,5;14,1;40;33;35;85;8,8;3,7;
2025/02/17;1700 UTC;0;958,9;959,8;958,9;2934,6;32,7;13,6;33,3;31,6;15,5;12,9;37;30;32;80;8,8;2,5;
2025/02/17;1800 UTC;0;958,1;958,9;958,1;2628,4;33,7;13,6;34;32,7;15;12,4;33;28;30;76;12,5;3,5;
2025/02/17;1900 UTC;0;957,4;958,1;957,4;2328,5;33,5;13,5;34,1;33;14;12;31;27;30;162;7,1;3,1;
2025/02/17;2000 UTC;1;957,4;957,9;957,3;993,5;27,2;20,9;33,7;26,9;21,3;12,7;71;28;69;230;14,5;1,1;
2025/02/17;2100 UTC;0;958,2;958,2;957,4;212,7;29,5;16,9;30;27;23,6;16,5;81;44;47;128;7,8;3;
2025/02/17;2200 UTC;0;958,4;958,4;958,3;;26,5;18,6;29,5;26,2;18,9;16,8;64;47;62;360;8,7;1,6;
2025/02/17;2300 UTC;0;959,1;959,1;958,4;;26,5;19,2;26,9;25,8;20,5;18,1;72;59;64;19;2,7;1,2;
2025/02/18;0000 UTC;0;960,3;960,3;959,1;;25,2;18,5;27,2;25,2;19,5;17,8;67;57;66;48;9,2;3,3;
2025/02/18;0100 UTC;0;960,7;960,7;960,3;;25,5;18,2;25,5;25;18,6;18,2;67;64;64;95;6,1;1,1;
2025/02/18;0200 UTC;0;961;961;960,6;;25,3;18,7;25,9;25,2;19,1;18;69;62;67;74;6,1;3,3;
2025/02/18;0300 UTC;0;960,4;961;960,4;;24,4;18,7;25,3;24,4;18,8;18,7;71;67;70;81;7,1;3,7;
2025/02/18;0400 UTC;,2;960;960,4;960;;22,7;20,3;24,4;22,7;20,3;18,4;86;70;86;74;9,5;3,7;
2025/02/18;0500 UTC;,6;959,6;960,1;959,6;;22,1;21,4;22,7;22,1;21,4;20,4;96;86;96;46;7;3,1;
2025/02/18;0600 UTC;,2;959,4;959,6;959,3;;22;21,9;22,1;21,9;21,9;21,2;99;96;99;17;4,9;1,7;
2025/02/18;0700 UTC;,8;959,7;959,7;959,4;;22,4;22,4;22,4;22;22,4;22,1;100;99;100;115;3,5;,9;
2025/02/18;0800 UTC;,2;959,8;959,8;959,6;;22,4;22,4;22,4;22,2;22,4;22,2;100;100;100;125;2,1;,9;
2025/02/18;0900 UTC;0;960,4;960,5;959,8;5,6;22,4;;22,5;22,3;;;;;;127;2;1,1;
2025/02/18;1000 UTC;0;961;961;960,4;162,7;23,1;23,1;23,1;22,4;;;;;100;181;2,4;1,4;
2025/02/18;1100 UTC;0;961,5;961,6;961;1194,1;24,9;21,4;25,6;23,1;23,4;20,8;100;78;81;148;3,6;1,8;
2025/02/18;1200 UTC;0;961,4;961,6;961,3;2115,4;26,8;19,1;27;24,9;22,2;19,1;83;63;63;116;6,2;2,7;
2025/02/18;1300 UTC;0;961,4;961,5;961,4;2615,1;28,5;17,9;28,5;26,6;20;17,8;66;53;53;137;6,3;3,2;
2025/02/18;1400 UTC;0;961;961,4;961;2507,3;29,4;16,5;29,5;27,9;18,7;16;57;45;46;141;6,6;3;
2025/02/18;1500 UTC;0;959,9;961;959,9;3896,5;31,1;16;31,3;29,5;17,1;15,4;46;39;40;83;7,9;2,9;
2025/02/18;1600 UTC;0;958,9;959,9;958,9;3677,6;32,4;15;32,5;30,7;17;14,9;42;35;35;123;6,5;2,3;
2025/02/18;1700 UTC;0;957,8;958,9;957,8;2589,6;32,9;15,2;33;31,6;16,8;14,3;39;33;34;137;6,5;2;
2025/02/18;1800 UTC;0;956,9;957,8;956,9;2711,7;34,1;14,3;34,2;32,4;15,1;13,5;34;30;30;107;6,3;2,9;
2025/02/18;1900 UTC;0;956,5;956,9;956,5;2213,5;33,7;14,2;34,3;32,7;15;13,1;34;28;31;79;7,2;3;
2025/02/18;2000 UTC;0;956,5;956,5;956,4;806,4;33,4;13,1;34;32,8;14,7;12,6;33;28;29;114;6,1;2,6;
2025/02/18;2100 UTC;0;957;957;956,5;311,9;31,6;13;33,6;31,6;13,5;12,3;32;28;32;152;5,7;2,3;
2025/02/18;2200 UTC;0;957,5;957,5;957;;29,8;14,3;31,7;29,8;14,3;12,9;39;32;39;122;5,4;1,4;
2025/02/18;2300 UTC;0;958;958;957,5;;27,1;15,8;29,8;27,1;16;14,2;50;39;50;36;3,1;1,6;
2025/02/19;0000 UTC;0;958,4;958,4;958;;26,1;16,6;27,3;25,8;17;15,7;58;50;56;13;2,4;1,4;
2025/02/19;0100 UTC;0;958,8;959;958,4;;25;17,1;26,1;24,9;17,4;16,6;63;56;62;9;2,4;1,6;
2025/02/19;0200 UTC;0;958,8;958,9;958,7;;24,5;17,5;25;24,5;17,6;17;65;61;65;37;2,4;1;
2025/02/19;0300 UTC;0;958,6;958,8;958,6;;23,9;17,8;24,6;23,1;18;17,4;73;65;69;14;1,9;1,2;
2025/02/19;0400 UTC;0;958,5;958,7;958,5;;25,2;16,1;25,4;23,9;17,8;16,1;69;57;57;108;4;1,5;
2025/02/19;0500 UTC;0;958,4;958,5;958,4;;24,2;16,5;25,2;23,3;16,7;16;66;57;62;89;3,1;1,6;
2025/02/19;0600 UTC;0;958,6;958,6;958,3;;22,3;17,1;24,2;22,3;17,2;16,4;73;62;72;34;3,5;1,4;
2025/02/19;0700 UTC;0;959;959,1;958,6;;22,3;17,3;23,5;22,2;17,4;17;74;68;74;69;2,6;1;
2025/02/19;0800 UTC;0;959,5;959,5;959;;21,5;18,4;22,4;21,2;18,4;17,4;83;74;82;41;2,5;,6;
2025/02/19;0900 UTC;0;960,2;960,2;959,5;9,7;20,9;19,1;21,5;20,8;19,2;18,2;90;82;89;135;1,9;,6;
2025/02/19;1000 UTC;0;961,2;961,2;960,2;354,8;24,1;18,4;24,1;20,8;20,2;18,1;91;71;71;140;3,2;1,7;
2025/02/19;1100 UTC;0;962,1;962,1;961,2;882,1;25,2;18,6;25,2;23,6;18,8;18,1;73;66;67;136;4,6;2,3;
2025/02/19;1200 UTC;0;962,3;962,4;962,1;2021,6;27,5;18,3;27,8;25,2;19;17,8;67;56;57;98;5,1;2,5;
2025/02/19;1300 UTC;0;962,2;962,4;962,2;2022,5;29,1;18,2;29,5;26,8;19,8;17,9;59;52;52;79;5,3;2,4;
2025/02/19;1400 UTC;0;961,7;962,2;961,7;2373,9;29,8;19;29,8;28,4;19,1;17,9;55;51;52;81;5;1,8;
2025/02/19;1500 UTC;0;960,9;961,7;960,9;2820,6;31,8;17;31,9;29,6;19,1;16,6;53;41;41;101;6,3;2,7;
2025/02/19;1600 UTC;0;959,5;960,9;959,5;3259,2;32,5;15,9;32,8;30,7;17,7;15,4;45;36;37;149;7,8;3,5;
2025/02/19;1700 UTC;0;958,7;959,5;958,7;2070,3;32,3;15,8;33;31,7;16,4;14,6;39;34;37;104;7,8;2,9;
2025/02/19;1800 UTC;0;958,2;958,8;958,2;1436,5;32,2;14,2;32,9;32;15,3;13,9;37;33;34;80;6,1;2,2;
2025/02/19;1900 UTC;0;957,7;958,2;957,7;785,4;32,3;14,6;32,5;32,1;15,8;13,9;37;33;34;81;4,5;2,1;
2025/02/19;2000 UTC;0;957,6;957,8;957,6;1199,2;33;13,9;33,4;32,3;15,1;13,9;35;31;32;105;5,9;2,4;
2025/02/19;2100 UTC;0;958,2;958,3;957,6;257,3;31,8;13,6;33;31,8;13,9;13,4;33;31;33;133;6,6;2,1;
2025/02/19;2200 UTC;0;958,4;958,4;958,1;;29,6;15,1;31,8;29,6;15,1;13,6;41;33;41;122;3,9;,9;
2025/02/19;2300 UTC;0;959,1;959,1;958,4;;26,6;17,1;29,6;26,5;17,4;15;57;41;56;355;2,2;1,3;
2025/02/20;0000 UTC;0;959,5;959,5;959,1;;26,1;18;26,8;26;18;17,1;61;56;61;10;2,8;2,1;
2025/02/20;0100 UTC;0;960,3;960,3;959,5;;26,1;18,6;26,1;25,5;18,6;18,1;65;61;63;14;2,9;2;
2025/02/20;0200 UTC;0;960,3;960,6;960,3;;26,2;18;27,7;26;19,1;18;64;59;60;51;6,7;3,2;
2025/02/20;0300 UTC;0;959,9;960,3;959,9;;25,5;17,3;26,2;25,4;17,9;17,2;62;60;61;65;5,4;1,3;
2025/02/20;0400 UTC;0;959,2;959,9;959,2;;25,3;17;25,6;25,2;17,6;16,9;63;59;60;66;4,2;2,2;
2025/02/20;0500 UTC;0;959,6;959,6;959,2;;24,9;17,5;25,3;24,9;17,5;17;63;60;63;106;4,3;1,6;
2025/02/20;0600 UTC;0;959,7;959,8;959,6;;24,6;18,4;25;24,6;18,4;17,5;69;63;69;78;4,1;1,8;
2025/02/20;0700 UTC;0;959,8;959,8;959,6;;22,8;21,1;24,7;22,8;21,1;18,4;90;69;90;27;4,2;1,8;
2025/02/20;0800 UTC;0;960;960;959,8;;23,2;21,1;23,6;22,8;21,4;21,1;91;86;88;48;2,9;1,5;
2025/02/20;0900 UTC;0;960,1;960,1;960;4,5;23,4;21,2;23,4;23;21,5;21,1;90;87;87;65;2,9;1,7;
2025/02/20;1000 UTC;0;961,1;961,1;960,1;434,6;25,3;21;25,4;23,4;21,3;20,5;87;75;77;85;3,9;2,3;
2025/02/20;1100 UTC;0;962;962;961,1;655,9;25,7;20,3;25,9;25,2;21,1;20,3;77;72;72;92;5,4;3,1;
2025/02/20;1200 UTC;0;962,3;962,3;962;1187,9;27,8;20,3;27,9;25,7;20,8;19,8;73;63;63;82;6,8;4,1;
2025/02/20;1300 UTC;0;962;962,3;962;2032,9;29,9;19,2;29,9;27,6;20,4;18,7;64;53;53;78;7,5;3,9;
2025/02/20;1400 UTC;0;961,7;962,1;961,7;2809,2;31,3;18,6;31,6;29,1;19,7;18,3;55;47;47;93;7,3;3;
2025/02/20;1500 UTC;0;960,9;961,7;960,9;2836,5;32,3;16,3;32,4;30,4;18,3;16;47;38;38;93;8,4;3,6;
2025/02/20;1600 UTC;0;959,8;960,9;959,8;3187;32,3;15,4;33,3;31,6;16,8;15,2;39;35;36;112;7,9;2,3;
2025/02/20;1700 UTC;0;958,9;959,8;958,9;2826,4;32,7;14,5;34,3;32,3;16,2;14,4;37;32;33;110;6,5;2,6;
2025/02/20;1800 UTC;0;958,2;958,9;958,1;2582,5;34,5;14,7;35,1;32,7;15,3;12,6;34;28;30;148;8,4;3,3;
2025/02/20;1900 UTC;0;958,1;958,3;958;1446,1;33,2;12,8;34,7;33;14,1;12,4;30;28;29;119;8;2,5;
2025/02/20;2000 UTC;0;958,1;958,2;958;631,3;33,3;12,2;33,6;33;13,2;11,5;30;27;28;112;8,4;4;
2025/02/20;2100 UTC;0;958,7;958,7;958,1;249,4;32,1;11,8;33,4;32,1;12,7;11,8;29;27;29;116;8,4;2,3;
2025/02/20;2200 UTC;0;959,2;959,2;958,7;;30,1;12;32,1;30,1;12,2;11,5;33;29;33;113;5,3;1,5;
2025/02/20;2300 UTC;0;959,9;959,9;959,2;;26,8;14,2;30,1;26,8;14,2;12;46;33;46;6;2,8;1,2;
2025/02/21;0000 UTC;0;960,4;960,4;959,9;;25,5;15,1;26,8;25,3;15,3;13,9;54;45;53;11;2,3;1,2;
2025/02/21;0100 UTC;0;960,8;960,8;960,4;;24,5;15,8;25,5;24,5;15,9;15,1;58;53;58;4;2,1;,9;
2025/02/21;0200 UTC;0;960,8;961;960,7;;24;16;24,5;23,2;16,6;15,8;66;58;61;208;2,5;1,2;
2025/02/21;0300 UTC;0;960,6;960,8;960,6;;24,9;15,2;25;23,9;16;14,8;61;53;55;64;2,7;1;
2025/02/21;0400 UTC;0;960,4;960,6;960,3;;24,8;16,7;25,1;24,3;16,7;15,1;60;54;60;28;1,9;1,2;
2025/02/21;0500 UTC;0;960,3;960,4;960,3;;25,1;17,4;25,6;24,8;17,6;16,7;62;60;62;53;2,6;1,5;
2025/02/21;0600 UTC;0;960,1;960,3;960,1;;25;17,6;25,1;24,5;17,6;17,3;64;62;64;102;2,9;1,4;
2025/02/21;0700 UTC;0;960,3;960,3;960,1;;23,7;17,7;25;23,7;17,8;17,6;69;63;69;130;2,9;1;
2025/02/21;0800 UTC;0;960,5;960,5;960,3;;23,9;18,2;23,9;23,4;18,2;17,8;71;69;71;118;3,4;1,7;
2025/02/21;0900 UTC;0;960,8;960,8;960,5;5,3;23,2;18,4;23,9;23,2;18,4;18,2;74;71;74;121;3,1;1,2;
2025/02/21;1000 UTC;0;961,6;961,6;960,8;372,8;25;18,7;25;23,1;18,9;18,4;75;68;68;124;4,1;2,1;
2025/02/21;1100 UTC;0;962,1;962,1;961,6;1223,8;26,9;17,9;27,3;24,9;18,8;17,9;69;57;58;99;5,8;2,8;
2025/02/21;1200 UTC;0;962,2;962,2;962,1;2120,6;28,3;17,7;28,6;26,6;18,3;17,1;60;52;53;103;7;3,2;
2025/02/21;1300 UTC;0;962,1;962,2;962;2630;30,4;16,4;30,5;28,3;17,6;15,2;52;43;43;85;7,1;2,9;
2025/02/21;1400 UTC;0;961,7;962,1;961,7;3486;31,9;13,7;32;29,4;16,9;13,5;44;33;33;85;6,9;3,3;
2025/02/21;1500 UTC;0;960,9;961,7;960,9;2772,9;32,1;14;32,9;30,5;14,6;12,8;36;32;33;98;7,5;3,3;
2025/02/21;1600 UTC;0;959,8;960,9;959,8;2330,9;32,4;13,7;33;31,8;14,7;13,1;35;31;32;118;8,3;1,8;
2025/02/21;1700 UTC;0;958,8;959,8;958,8;2296,6;33,1;13,1;33,9;31,7;14,6;12,5;34;29;30;58;8,3;2,1;
2025/02/21;1800 UTC;0;958,2;958,8;958,2;1376,7;32,4;12,7;34,9;32,4;13,6;12,4;31;27;30;129;6,1;2,8;
2025/02/21;1900 UTC;0;957,8;958,2;957,8;541,9;32,2;13,5;32,6;32,2;13,6;12,7;32;30;32;142;6,5;3,5;
2025/02/21;2000 UTC;0;957,8;957,8;957,7;833,9;32,6;13,6;33,5;32,1;14,3;13,3;33;30;32;109;8,7;3,4;
2025/02/21;2100 UTC;0;958,1;958,2;957,8;187;31,1;13,9;32,6;31,1;13,9;13,4;35;32;35;83;8,7;2,2;
2025/02/21;2200 UTC;0;958,9;958,9;958,1;;28,4;15,6;31,1;28,4;15,6;13,8;46;35;46;20;3,9;1;
2025/02/21;2300 UTC;0;960,1;960,1;958,9;;28;16,1;28,3;27,3;16,7;15,6;52;46;48;91;1,9;,7;
2025/02/22;0000 UTC;0;961,1;961,1;960,1;;27,7;16;28,8;27,7;16,5;15,8;49;46;49;107;2,5;,8;
2025/02/22;0100 UTC;0;961,8;961,8;961,1;;27,4;16,3;28,2;27,2;16,5;15,9;52;47;50;56;4,3;2;
2025/02/22;0200 UTC;0;961,5;961,8;961,5;;27,2;16,1;28,3;27,2;16,3;15,9;51;47;51;83;5,9;1,4;
2025/02/22;0300 UTC;0;961,4;961,6;961,4;;26,7;17,3;27,2;26,5;17,3;16,2;57;51;56;136;4,1;1,4;
2025/02/22;0400 UTC;0;961;961,4;961;;26,1;17,4;26,7;26,1;17,6;17,3;59;56;59;92;3,2;,7;
2025/02/22;0500 UTC;0;960,5;961;960,5;;25,6;17,9;26,1;24,7;18,1;17,4;66;59;63;140;2,6;1;
2025/02/22;0600 UTC;0;960,5;960,5;960,4;;25,7;17,6;26,1;25,6;17,9;17,6;62;60;61;147;4,4;2,1;
2025/02/22;0700 UTC;0;960,4;960,6;960,4;;25,1;17,7;25,7;25,1;17,8;17,6;64;61;64;124;5,2;1,8;
2025/02/22;0800 UTC;0;960,7;960,7;960,4;;24;18,1;25,1;23,9;18,1;17,7;70;64;69;161;4;1,2;
2025/02/22;0900 UTC;0;961;961;960,7;5,4;23,9;18,2;24,1;23,9;18,2;18,1;71;69;70;165;3,3;1,5;
2025/02/22;1000 UTC;0;961,5;961,5;961;461,9;24,6;18,2;24,7;23,9;18,3;17,9;70;67;68;159;4,4;2,5;
2025/02/22;1100 UTC;0;962,2;962,2;961,5;800,3;25,7;18,3;25,7;24,5;18,7;17,8;68;64;64;125;5,6;2,9;
2025/02/22;1200 UTC;0;962,2;962,3;962,1;908,9;26,7;18,1;26,9;25,6;18,7;18,1;64;59;59;116;6,1;3,1;
2025/02/22;1300 UTC;0;962,2;962,4;962,2;1043,9;27,4;18,5;27,4;26,5;18,8;18;61;58;58;136;6,2;2,9;
2025/02/22;1400 UTC;0;961,8;962,2;961,8;1513,2;28,2;18;28,3;27,3;18,7;17,7;60;53;54;152;5,7;2,4;
2025/02/22;1500 UTC;0;960,8;961,8;960,8;2602,2;30,7;16,3;30,7;28,2;18,2;15,8;54;41;42;122;7,5;2,7;
2025/02/22;1600 UTC;0;959,7;960,8;959,7;3350,9;32,1;14;32,5;30,6;16,2;14;42;33;33;79;6,6;1,9;
2025/02/22;1700 UTC;0;958,7;959,7;958,7;2763,2;32,8;13,3;35;31,8;14,9;13,3;35;29;31;147;6,9;2,5;
2025/02/22;1800 UTC;0;958,2;958,7;958,2;2641,5;33,1;13,7;34,9;32,4;15,1;13,3;35;28;31;131;6,9;3,7;
2025/02/22;1900 UTC;0;957,8;958,2;957,8;1575,7;34,2;14,1;34,4;32,6;14,6;13,3;33;29;30;162;6,9;3;
2025/02/22;2000 UTC;0;958;958;957,7;1270,6;33,3;13,8;34,3;32,7;14,2;13,3;32;29;31;110;7,1;2,3;
2025/02/22;2100 UTC;0;958,2;958,2;957,9;266,3;31,8;12,8;33,3;31,8;13,9;12,8;32;30;31;137;6,5;2,7;
2025/02/22;2200 UTC;0;958,4;958,4;958,2;;30,3;13;31,8;30,3;13,1;12,8;35;31;35;117;5,1;1,4;
2025/02/22;2300 UTC;0;958,9;958,9;958,4;;29;13,7;30,3;28,7;13,9;13;40;35;39;105;3,5;1,7;
2025/02/23;0000 UTC;0;959,8;959,8;958,9;;26,9;14,7;29;26,9;14,8;13,7;47;39;47;54;3,5;,7;
2025/02/23;0100 UTC;0;960,4;960,4;959,8;;26,5;15,1;26,9;25,8;15,7;14,8;53;47;50;75;1,6;,9;
2025/02/23;0200 UTC;0;960,6;960,7;960,4;;24,4;15,7;26,7;24,1;15,9;14,9;60;49;58;277;2,5;,8;
2025/02/23;0300 UTC;0;960,4;960,6;960,4;;26,2;15,2;26,7;24,4;16,6;15;61;49;51;87;4;1,6;
2025/02/23;0400 UTC;0;960,1;960,4;960,1;;25,8;15,7;26,5;25,1;15,8;15,2;55;50;54;83;3,6;1,8;
2025/02/23;0500 UTC;0;960,1;960,2;960;;25,1;16,2;25,9;25;16,2;15,7;58;53;58;92;4,6;2;
2025/02/23;0600 UTC;0;960;960,1;959,8;;23,9;16,6;25,1;23,7;16,6;16,2;64;58;64;78;3,8;2,2;
2025/02/23;0700 UTC;0;960,1;960,1;960;;23,2;16,9;23,9;23,1;16,9;16,6;68;64;68;111;3,9;1,4;
2025/02/23;0800 UTC;0;960,7;960,7;960,1;;22,8;17,3;23,2;22,7;17,4;16,8;71;68;71;118;4,9;2,1;
2025/02/23;0900 UTC;0;960,9;960,9;960,7;5;21,9;17,5;22,8;21,9;17,6;17,3;76;71;76;146;3,8;,7;
2025/02/23;1000 UTC;0;961,7;961,7;960,9;380,4;24,3;18,1;24,3;21,6;18,4;17,4;78;68;68;102;3,2;1,6;
2025/02/23;1100 UTC;0;962,1;962,1;961,7;1109,3;25,4;18;25,8;24,1;18,6;17,7;69;62;64;102;5,6;2,9;
2025/02/23;1200 UTC;0;962,3;962,4;962,1;1463,4;26,5;17,8;27,3;25,3;18,5;17,6;64;57;59;115;6;2,7;
2025/02/23;1300 UTC;0;962,3;962,5;962,2;1913,9;28,5;17,3;29;26,5;18,9;16,8;59;49;51;92;6,1;3,2;
2025/02/23;1400 UTC;0;961,9;962,3;961,9;2269,7;29,2;16,2;30,3;28,3;18,1;15,6;51;43;45;76;7,8;2,7;
2025/02/23;1500 UTC;0;960,9;961,9;960,8;2665,1;31,8;14,5;31,9;29,2;16,2;14,5;45;35;35;101;6,8;2,6;
2025/02/23;1600 UTC;0;959,7;960,9;959,7;3025,2;31,9;13,2;33,1;30,5;15,4;12,7;39;30;32;148;8,2;2,9;
2025/02/23;1700 UTC;0;958,6;959,7;958,6;2969,2;34,2;12,5;34,4;31,8;13,8;11,8;32;26;27;158;7,5;3,4;
2025/02/23;1800 UTC;0;958;958,6;958;2053,4;33,4;13,7;34,4;32;13,8;11,6;32;26;31;141;8,3;3,8;
2025/02/23;1900 UTC;0;957,7;958;957,7;1464,5;32;13,8;34;31,8;14,2;13;33;29;33;148;8,5;4,1;
2025/02/23;2000 UTC;0;957,6;957,7;957,4;1302;32,1;14,4;32,8;31,5;14,5;13,3;35;31;35;146;8,4;2,8;
2025/02/23;2100 UTC;0;957,8;957,8;957,5;342,4;30,3;15;32,2;30,2;15;14;40;34;39;148;7;2,6;
2025/02/23;2200 UTC;0;958,4;958,4;957,8;;29,5;15,3;30,3;29,5;15,3;14,9;42;39;42;129;5,7;2,1;
2025/02/23;2300 UTC;0;959,1;959,1;958,4;;28;15,9;29,5;28;16;15,2;48;42;48;103;4,3;1;
2025/02/24;0000 UTC;0;960,1;960,1;959,1;;26;17;28,1;26;17,1;15,9;58;48;58;225;2,1;,6;
2025/02/24;0100 UTC;0;960,5;960,7;960,1;;25,6;17,2;26,6;25,3;17,4;16,8;60;56;59;125;2;,5;
2025/02/24;0200 UTC;0;960,2;960,5;960,2;;25;17,5;25,7;24,8;17,9;17,2;65;59;63;359;1,6;,8;
2025/02/24;0300 UTC;0;959,4;960,2;959,4;;23,4;17,6;25;23,1;18;17,5;72;63;70;341;1,8;1,4;
2025/02/24;0400 UTC;0;959,3;959,4;959,2;;23,3;17,8;23,4;22,8;18;17,6;73;70;71;88;1,8;1;
2025/02/24;0500 UTC;0;959,4;959,4;959,3;;21,9;18,2;23,5;21,7;18,2;17,5;80;70;80;108;1,9;,5;
2025/02/24;0600 UTC;0;959,7;959,8;959,4;;22,9;18;22,9;21,6;18,3;17,7;80;74;74;133;2,8;1;
2025/02/24;0700 UTC;0;959,5;959,8;959,4;;23,4;17,2;24;22,9;17,9;17,2;74;66;68;152;3,3;1,3;
2025/02/24;0800 UTC;0;960,1;960,1;959,4;;23;17;23,5;23;17,2;16,9;69;67;69;103;3,7;1,3;
2025/02/24;0900 UTC;0;960,9;960,9;960,1;5,7;23,1;17,2;23,2;22,8;17,2;17;71;68;69;162;2,3;,8;
2025/02/24;1000 UTC;0;961,4;961,4;960,9;332,1;24,1;17,2;24,2;22,9;17,6;17;70;65;65;146;4,6;2,3;
2025/02/24;1100 UTC;0;961,8;961,8;961,4;1202,1;25,3;17;25,7;23,9;17,7;16,8;66;59;60;141;5,8;3,1;
2025/02/24;1200 UTC;0;962,1;962,2;961,8;1969,1;27,2;16,7;27,3;25;17,4;16,4;61;53;53;153;6,7;3,6;
2025/02/24;1300 UTC;0;961,8;962,2;961,8;2911,7;29;14,9;29,4;26,7;17,3;14,5;54;41;42;141;7,4;3,6;
2025/02/24;1400 UTC;0;961;961,8;961;3476;30,6;14,5;31,3;28,8;15,6;13,9;44;36;38;135;8,3;3,6;
2025/02/24;1500 UTC;0;960,4;961;960,4;3373,3;31,7;14,8;32,4;30,5;15,6;14,1;39;35;36;135;8,1;3,3;
2025/02/24;1600 UTC;0;959,1;960,4;959,1;3038,1;32,4;14,5;32,9;31,1;15,6;14,2;38;34;34;128;8,3;2,4;
2025/02/24;1700 UTC;0;958,4;959,1;958,3;2389,3;32,4;13,3;33,3;31,5;15,1;12,9;35;29;31;151;6,7;2,8;
2025/02/24;1800 UTC;0;957,8;958,4;957,7;2506,4;32,8;12,6;34,2;32,2;14,1;12,4;32;27;29;122;6,9;3,2;
2025/02/24;1900 UTC;0;957,4;957,8;957,4;1816,1;33,6;11,9;34,2;32,7;13,1;11,7;30;26;27;148;7,9;3,1;
2025/02/24;2000 UTC;0;957,7;957,7;957,4;894,3;32,1;11,5;33,8;32,1;12,5;11;28;26;28;142;7,2;3;
2025/02/24;2100 UTC;0;957,9;957,9;957,7;153,4;31,2;12;32,1;31,2;12,2;11,4;31;28;31;121;5,4;1,4;
2025/02/24;2200 UTC;0;958,2;958,2;957,9;;27,8;13,6;31,2;27,8;13,7;12;42;31;42;23;2,2;,8;
2025/02/24;2300 UTC;0;958,8;958,8;958,2;;26,7;14,2;27,8;26,3;14,4;13,7;48;42;46;45;2;1,4;
2025/02/25;0000 UTC;0;959,5;959,5;958,8;;26,8;13,7;26,8;25,7;14,3;13,7;49;44;44;63;2;1,2;
2025/02/25;0100 UTC;0;960,1;960,1;959,5;;25,8;13,8;28,7;25,8;13,8;13,2;47;39;47;122;4,2;,6;
2025/02/25;0200 UTC;0;960,9;960,9;960,1;;26,3;13,8;26,7;25,2;14,6;13,8;51;46;46;34;3,4;1,7;
2025/02/25;0300 UTC;0;961,1;961,2;960,9;;24,5;15,6;26,6;24,5;15,6;13,6;58;45;58;234;2,6;1,3;
2025/02/25;0400 UTC;0;960,9;961,1;960,9;;23,6;17,6;24,5;23,6;17,6;15,7;69;58;69;237;2,1;1,1;
2025/02/25;0500 UTC;0;960,8;960,9;960,6;;24,2;15,7;24,6;22,9;17,9;15,7;73;59;59;150;2,4;1,1;
2025/02/25;0600 UTC;0;960,5;960,8;960,5;;24,3;16,5;25,1;24,1;16,5;15,4;62;56;62;123;3,2;1,1;
2025/02/25;0700 UTC;0;961;961;960,5;;23,5;18,2;24,3;22,9;18,2;16,4;72;62;72;87;2,5;1,1;
2025/02/25;0800 UTC;0;961,2;961,2;961;;24;18,4;24,2;23,5;18,5;18,2;72;70;71;127;5;2,3;
2025/02/25;0900 UTC;0;961,9;961,9;961,2;5,7;23,7;18,1;24;23,6;18,4;18,1;72;71;71;132;4,8;1,7;
2025/02/25;1000 UTC;0;962,5;962,5;961,9;396,3;24,2;18,3;24,5;23,6;18,5;18;71;69;70;151;5,9;3,2;
2025/02/25;1100 UTC;0;963,1;963,1;962,5;618,2;25,3;18,4;25,3;24,1;18,6;18,2;71;66;66;124;6;3,4;
2025/02/25;1200 UTC;0;963,3;963,4;963;1390;26,5;18,1;26,7;25,1;18,6;17,8;66;59;60;98;6,8;2,3;
2025/02/25;1300 UTC;0;963,1;963,4;963,1;1432,9;28,8;18;28,8;26,5;18,2;17,5;60;51;52;82;5,9;2,9;
2025/02/25;1400 UTC;0;962,6;963,1;962,6;2244,9;29,6;16,6;30,5;28;18,5;16,2;52;43;45;56;7,1;3,3;
2025/02/25;1500 UTC;0;961,5;962,6;961,5;2916,8;31,2;14,8;32,9;29,2;17,2;14,3;47;34;37;43;7,6;4;
2025/02/25;1600 UTC;0;960,3;961,5;960,3;3259,7;33,8;12,9;33,8;31,1;15,2;12,5;38;28;28;103;7,8;2,1;
2025/02/25;1700 UTC;0;959,3;960,3;959,3;3252,3;33,6;11,7;35;33;12,8;11,4;29;25;26;102;6,5;2,5;
2025/02/25;1800 UTC;0;958,5;959,4;958,5;2526,5;33,7;11,9;34,8;33;12,7;11,2;28;25;27;137;11,4;2,8;
2025/02/25;1900 UTC;0;958,1;958,5;958,1;1679,1;32,8;11,7;35,2;32,8;12,4;10,7;28;23;28;126;6,2;2,4;
2025/02/25;2000 UTC;0;958;958,1;957,9;1121,8;33,2;11,9;34,1;32,8;12,8;11,1;29;25;27;154;8,6;3,4;
2025/02/25;2100 UTC;0;958,4;958,4;958;355,9;31,9;11,1;33,5;31,9;12,3;11;29;27;28;136;6;3,2;
2025/02/25;2200 UTC;0;959;959;958,4;;29,4;11,4;31,9;29,4;11,4;10,6;33;28;33;133;5,6;1,1;
2025/02/25;2300 UTC;0;960;960;959;;28,2;17,1;29,4;27,1;17,1;10,7;51;32;51;347;7;4,4;
2025/02/26;0000 UTC;0;961,1;961,1;960;;26,2;18,2;28,2;26,2;18,5;17,2;62;51;62;153;7;,9;
2025/02/26;0100 UTC;0;961,7;961,7;961;;24,5;17,9;26,2;24,4;18,4;17,6;68;62;67;331;2,3;1;
2025/02/26;0200 UTC;0;961,7;961,8;961,6;;23,4;17,9;24,6;23,3;18,3;17,7;72;66;72;174;1,5;,7;
2025/02/26;0300 UTC;0;961,5;961,8;961,5;;22,8;17,7;23,8;22,8;18,3;17,7;74;70;73;228;1,3;,9;
2025/02/26;0400 UTC;0;961,3;961,5;961,3;;24,5;17,3;24,6;22,3;18,5;17,3;77;64;64;95;2,5;1,1;
2025/02/26;0500 UTC;0;960,5;961,3;960,5;;25,3;17,8;25,3;24,3;17,8;17,1;65;62;63;125;3,3;1,8;
2025/02/26;0600 UTC;0;960,3;960,5;960,2;;24,7;18;25,3;24,7;18,1;17,8;66;63;66;123;4;1,5;
2025/02/26;0700 UTC;0;960,3;960,3;960,1;;24,1;18;24,8;23,5;18,2;17,9;72;66;69;122;3,4;1,2;
2025/02/26;0800 UTC;0;960,8;960,8;960,3;;24;17,5;24,1;23,5;18;17,5;71;67;67;133;3,9;2,3;
2025/02/26;0900 UTC;0;961,2;961,2;960,7;3;23,1;17,6;24;23,1;17,6;17,4;71;67;71;152;4,5;1,9;
2025/02/26;1000 UTC;0;962;962;961,2;188,8;23,7;18;23,7;23,1;18;17,6;71;70;71;133;5,3;3;
2025/02/26;1100 UTC;0;962,8;962,8;962;957,3;24,4;18,1;24,9;23,7;18,5;18;71;67;68;132;5,7;2,9;
2025/02/26;1200 UTC;0;963,1;963,1;962,7;1404,8;26,2;18,4;26,4;24,4;19,1;18,1;70;62;62;120;5,6;2,2;
2025/02/26;1300 UTC;0;962,7;963,1;962,7;2775,8;28,7;17,9;29,4;26,1;19,2;17,8;63;51;52;143;5,6;2,9;
2025/02/26;1400 UTC;0;962,3;962,7;962,3;2421,6;30,5;17,9;30,8;28;18,6;17,1;54;46;47;111;6,4;2,6;
2025/02/26;1500 UTC;0;961,3;962,3;961,2;2740,5;31;16;32,3;29,9;18;15,8;48;38;40;127;7,1;3,5;
2025/02/26;1600 UTC;0;960,1;961,3;960,1;3199,3;32,6;13,9;33,6;30,9;16,8;13,9;41;32;32;145;7,1;3,5;
2025/02/26;1700 UTC;0;959,1;960,1;959;2802,7;34,4;13,8;34,9;32;15;13,4;34;28;29;194;7,2;2,7;
2025/02/26;1800 UTC;0;958,5;959,1;958,5;1901;33,8;13,3;35,4;32,5;14,3;12,7;32;28;29;146;7,1;2,6;
2025/02/26;1900 UTC;0;958,1;958,5;958,1;1985,8;33,5;12,7;35,1;33,1;13,6;12,3;30;26;28;127;6,1;3,1;
2025/02/26;2000 UTC;0;957,9;958,1;957,8;826,2;33,6;12,5;34,2;33;13,5;12,5;30;27;28;94;7,5;3,1;
2025/02/26;2100 UTC;0;958,2;958,2;957,9;286,9;32,4;12,4;33,6;32,4;12,7;12,1;30;28;30;138;6,8;2,7;
2025/02/26;2200 UTC;0;958,9;958,9;958,2;;30,8;12,9;32,4;30,8;12,9;12,4;33;30;33;117;4,8;1,7;
2025/02/26;2300 UTC;0;959,3;959,3;958,9;;28,1;14,1;30,8;28,1;14,2;12,8;42;33;42;102;3;,7;
2025/02/27;0000 UTC;0;959,9;959,9;959,3;;27,6;14,1;28,2;26,8;15,1;13,9;49;42;44;52;3,1;1,4;
2025/02/27;0100 UTC;0;960,6;960,6;959,9;;25,5;15,1;27,6;25,2;15,1;14,1;54;44;52;261;3,4;1,8;
2025/02/27;0200 UTC;0;961,2;961,2;960,6;;26,7;14,3;27,1;25;15,3;14,3;54;46;47;143;4,1;1,4;
2025/02/27;0300 UTC;0;961;961,3;961;;26,9;18;26,9;26,4;18;14,4;58;47;58;110;5,5;3;
2025/02/27;0400 UTC;0;960,5;961;960,5;;26,5;18,2;27;26,4;18,2;18;61;58;60;120;5,9;2,5;
2025/02/27;0500 UTC;0;959,8;960,5;959,8;;25,7;18,3;26,5;25,7;18,3;18,2;64;60;64;116;5,2;2;
2025/02/27;0600 UTC;0;959,7;959,8;959,6;;24,6;18,6;25,7;24,3;18,6;18,3;70;64;69;147;3,8;1,7;
2025/02/27;0700 UTC;0;959,7;959,8;959,6;;24,9;18,7;24,9;24,4;18,7;18,5;70;69;69;121;4,5;2,3;
2025/02/27;0800 UTC;0;959,9;959,9;959,7;;23,9;18,7;24,9;23,9;18,7;18,7;73;69;73;125;4,6;1,8;
2025/02/27;0900 UTC;0;960,5;960,5;959,9;1,4;23,5;18,7;23,9;23,2;18,8;18,7;76;73;74;151;3,6;1,9;
2025/02/27;1000 UTC;0;961,1;961,1;960,4;199,1;23,9;19;23,9;23,5;19;18,6;75;74;74;147;5;2,2;
2025/02/27;1100 UTC;0;961,8;961,8;961,1;945,3;26;18,5;26,1;23,8;19,2;18,4;74;63;63;145;6,9;3,4;
2025/02/27;1200 UTC;0;961,9;961,9;961,7;2012,9;27,1;18;27,5;26;18,5;17,4;63;55;58;141;8;4,5;
2025/02/27;1300 UTC;0;961,7;961,9;961,7;1774,1;27,3;17,5;27,9;26,6;18,6;17,3;60;54;55;143;8,1;4,2;
2025/02/27;1400 UTC;0;961,4;961,7;961,4;1517,1;28,5;16,7;29,3;27,3;17,9;16,7;56;48;49;125;7,3;3,4;
2025/02/27;1500 UTC;0;960,7;961,4;960,7;2622,2;30,3;16;31,1;28,4;17,3;15,6;50;41;42;129;7,6;4,3;
2025/02/27;1600 UTC;0;959,5;960,7;959,5;2291,4;30,9;15,6;33,4;30,1;16,8;15,2;43;35;40;137;7,6;2,9;
2025/02/27;1700 UTC;0;958,4;959,5;958,4;2127,6;32,1;13,9;33,7;30,7;16,5;13,6;41;31;33;150;7,1;2,3;
2025/02/27;1800 UTC;0;957,5;958,4;957,5;1159,6;32,7;13,2;33,1;31,9;14;12;34;28;31;144;6,4;3,5;
2025/02/27;1900 UTC;0;956,8;957,5;956,8;1048,4;32,8;12,7;32,9;32,7;13,6;12,4;31;29;29;146;6,4;3;
2025/02/27;2000 UTC;0;956,4;956,8;956,4;685,7;33;12,3;33,2;32,7;13,2;12,2;30;28;28;147;6,1;2,8;
2025/02/27;2100 UTC;0;956,6;956,7;956,4;196,4;31,7;13,3;33;31,7;13,3;12,3;33;28;33;172;6,8;2,9;
2025/02/27;2200 UTC;0;957,3;957,3;956,6;;29,8;14,5;31,7;29,8;14,5;13,3;39;33;39;166;5,3;1,3;
2025/02/27;2300 UTC;0;958,2;958,2;957,3;;28,2;14,4;29,8;28,2;14,6;14,4;43;39;43;112;2,3;,6;
2025/02/28;0000 UTC;0;959;959;958,2;;29,8;14,4;29,9;28;14,9;14,2;45;38;39;129;3,1;1,2;
2025/02/28;0100 UTC;0;959,7;959,7;959;;29,5;15,6;30,1;29,5;15,6;14,3;43;39;43;116;6,5;2,2;
2025/02/28;0200 UTC;0;960,4;960,4;959,7;;28,4;17,7;29,5;28,4;17,7;15,6;52;43;52;100;8,1;4,2;
2025/02/28;0300 UTC;0;960,4;960,6;960,4;;27,5;18;28,4;27,5;18;17,7;56;52;56;118;9;3,9;
2025/02/28;0400 UTC;0;959,8;960,4;959,7;;26,6;18,1;27,5;26,6;18,2;18;60;56;60;120;9;4,2;
2025/02/28;0500 UTC;0;959,3;959,9;959,3;;26;18,2;26,6;26;18,2;18,1;62;60;62;126;9;2,4;
2025/02/28;0600 UTC;0;959;959,3;959;;25,7;18,5;26;25,7;18,5;18,2;64;62;64;120;4,7;1,7;
2025/02/28;0700 UTC;0;959,1;959,2;959;;25,1;18,3;25,7;25,1;18,6;18,3;67;64;66;150;4;2;
2025/02/28;0800 UTC;0;959,4;959,4;959;;24,4;17,8;25,1;24,3;18,3;17,7;67;65;67;138;5,3;1,9;
2025/02/28;0900 UTC;0;959,8;959,8;959,4;3,2;23,8;18;24,4;23,8;18;17,8;70;67;70;144;4,9;2,2;
2025/02/28;1000 UTC;0;960,5;960,5;959,8;398,1;24,7;18,2;25;23,8;18,5;18;71;66;67;137;7,1;3,8;
2025/02/28;1100 UTC;0;960,9;960,9;960,4;921,5;26;18,1;26;24,8;18,6;18,1;67;61;61;124;7,7;3,9;
2025/02/28;1200 UTC;0;961,4;961,5;960,9;1252,9;27,5;17,4;27,8;26;18,2;17,2;62;54;54;99;7,9;4,1;
2025/02/28;1300 UTC;0;961,6;961,7;961,4;2123,4;28,6;16,8;29,5;27,4;18;16,7;55;48;49;117;9;4;
2025/02/28;1400 UTC;0;961,3;961,6;961,3;2523,9;29,9;16,7;30,3;28,1;17,7;16,2;51;44;45;117;8,1;4;
2025/02/28;1500 UTC;0;960,3;961,3;960,3;2401,4;30,7;16;31,4;29,5;17,2;15,4;46;40;41;103;8,6;3,5;
2025/02/28;1600 UTC;0;959;960,3;959;2750;31,4;15,3;32,1;30,4;16,4;15;42;37;38;129;8,3;3,2;
2025/02/28;1700 UTC;0;957,9;959,1;957,9;1887,5;32,2;15,4;33,1;31,1;15,8;14,5;39;34;36;143;7,8;2,8;
2025/02/28;1800 UTC;0;957,3;957,9;957,3;1042,2;31;16,7;32,3;30,7;17,2;14,5;43;35;42;71;6,7;2,7;
2025/02/28;1900 UTC;1,2;956,7;957,3;956,6;966;31,1;15,6;31,3;26,8;21,8;15,5;73;39;39;140;8;3,9;
2025/02/28;2000 UTC;0;956,6;956,7;956,5;525,3;31,1;14,7;31,8;31;15,8;14,3;40;35;37;144;8;3,4;
2025/02/28;2100 UTC;0;957,2;957,2;956,6;135,1;30,2;15;31,2;30,2;15,1;14,4;40;36;40;138;6,8;3,5;
2025/02/28;2200 UTC;0;957,7;957,7;957,2;;29,1;15,5;30,2;29,1;15,6;15;44;40;44;139;6,1;2,1;
2025/02/28;2300 UTC;0;958,4;958,4;957,7;;27,6;16;29,1;27,6;16;15,5;49;44;49;141;3,6;1,1;
2025/03/01;0000 UTC;0;959,6;959,6;958,4;;28,1;15,3;28,1;26,7;16,6;15,3;53;46;46;128;3,5;2;
2025/03/01;0100 UTC;0;960,4;960,4;959,6;;28,4;15,4;28,4;28,1;15,4;14,9;46;44;45;130;6,9;3,8;
2025/03/01;0200 UTC;0;960,5;960,6;960,4;;27,8;16,1;28,4;27,8;16,1;15,4;49;45;49;124;7,3;3,2;
2025/03/01;0300 UTC;0;960,2;960,5;960,2;;27,3;16,7;27,8;27,3;16,9;16,1;53;49;52;120;9,3;4,4;
2025/03/01;0400 UTC;0;959,7;960,2;959,7;;26,3;17,2;27,3;26,3;17,2;16,7;57;52;57;119;8,6;3,5;
2025/03/01;0500 UTC;0;959,6;959,7;959,4;;25,7;17,8;26,3;25,7;17,8;17,2;62;57;62;117;8,5;3,8;
2025/03/01;0600 UTC;0;959,3;959,6;959,3;;25,2;18;25,7;25,2;18;17,7;64;61;64;118;9;3,5;
2025/03/01;0700 UTC;0;959;959,3;958,9;;24,6;17,8;25,2;24,6;18;17,8;66;64;66;128;9,1;4,3;
2025/03/01;0800 UTC;0;959,6;959,6;959;;24,1;17,7;24,6;24,1;17,8;17,5;67;66;67;137;8,3;3,7;
2025/03/01;0900 UTC;0;960;960;959,6;5,4;23,6;17,7;24,1;23,3;18;17,6;72;67;69;146;8,4;3,4;
2025/03/01;1000 UTC;0;960,6;960,6;960;234,8;23,7;17,9;23,7;23,5;18;17,6;71;69;70;143;7,7;3,9;
2025/03/01;1100 UTC;0;961,3;961,3;960,6;1058,3;25,5;16,3;25,6;23,6;18,1;16,3;70;57;57;122;7,8;4,1;
2025/03/01;1200 UTC;0;961,5;961,6;961,3;1801,7;26;14,2;26,6;25,1;16,6;14,2;59;48;48;130;8,3;4,7;
2025/03/01;1300 UTC;0;961,3;961,6;961,3;2575;28,7;13,2;28,7;26;15,2;12,7;50;38;39;112;9,6;4,7;
2025/03/01;1400 UTC;0;961,1;961,4;961;3023,2;28,6;11,4;29,9;27,9;13,1;11,1;39;32;35;131;9,6;3,9;
2025/03/01;1500 UTC;0;960,1;961,1;960,1;3786;30,8;11,3;31,4;28,6;11,7;9,3;35;27;30;116;8,4;3,7;
2025/03/01;1600 UTC;0;958,7;960,1;958,7;3790,2;32,8;9,8;33,3;30,6;11,6;9,8;30;24;24;107;8;2,3;
2025/03/01;1700 UTC;0;957,6;958,7;957,5;3520,4;33,9;8,7;34,6;32,5;11;7,8;26;20;21;109;7,5;2;
2025/03/01;1800 UTC;0;957;957,6;957;2969,8;34,2;9,2;34,8;32,6;9,9;8;24;20;22;122;7;3,3;
2025/03/01;1900 UTC;0;956,6;957;956,5;2230,5;33,6;8,3;35,2;33,2;9,7;7,8;22;19;21;112;8,7;2,9;
2025/03/01;2000 UTC;0;956,7;956,7;956,5;1317,6;33,1;8,6;34,1;33,1;9,1;7,5;22;19;22;128;6,6;2,7;
2025/03/01;2100 UTC;0;957,3;957,3;956,7;377,1;31,7;8,5;33,2;31,7;9;8,4;24;22;24;142;6;2,2;
2025/03/01;2200 UTC;0;958;958;957,3;;29,3;9,9;31,7;29,3;10;8,5;30;24;30;159;5,8;1,6;
2025/03/01;2300 UTC;0;958,7;958,7;958;;27,9;9,4;29,3;27,4;10,4;9,4;34;30;32;125;2,5;,8;
2025/03/02;0000 UTC;0;959,4;959,4;958,7;;28,1;9,4;28,1;27;10,8;8,9;36;30;31;16;1,9;,7;
2025/03/02;0100 UTC;0;960,4;960,4;959,4;;27,4;11,3;28,5;27,4;11,3;9;37;30;37;149;3,4;1,4;
2025/03/02;0200 UTC;0;960,8;960,8;960,4;;26,1;16,5;27,4;25,2;16,5;11,4;56;37;56;152;4,5;1,7;
2025/03/02;0300 UTC;0;960,6;960,9;960,6;;25,5;17,5;26,1;25,5;17,5;16,5;61;56;61;150;5,8;2,5;
2025/03/02;0400 UTC;0;960;960,6;960;;24,7;18,1;25,5;24,7;18,1;17,5;67;61;67;157;5,4;2;
2025/03/02;0500 UTC;0;959,7;960;959,6;;24,3;18,3;24,7;24,2;18,3;18,1;69;67;69;158;4,9;2,1;
2025/03/02;0600 UTC;0;959,3;959,7;959,3;;23,8;18;24,3;23,8;18,3;18;71;69;70;150;5,4;2,5;
2025/03/02;0700 UTC;0;959,8;959,8;959,3;;23,6;17,7;23,8;23,4;18;17,7;71;70;70;146;5,4;2,4;
2025/03/02;0800 UTC;0;960;960;959,7;;23,7;17,6;23,7;23,4;17,7;17,6;70;69;69;138;6,2;2,9;
2025/03/02;0900 UTC;0;960,4;960,4;960;,9;23,3;17,9;23,7;23,3;17,9;17,6;71;69;71;140;6,2;3,2;
2025/03/02;1000 UTC;,2;961,3;961,3;960,4;52,3;21,4;20;23,4;21,4;20;17,9;92;71;92;113;6,8;1,7;
2025/03/02;1100 UTC;1,8;962;962;961,3;258,6;21,7;21,7;21,7;21,3;21,7;19,9;100;92;100;111;4;1,5;
2025/03/02;1200 UTC;,2;962,1;962,2;962;989,8;23,5;21;23,7;21,6;22,3;21;100;86;86;137;3;1;
2025/03/02;1300 UTC;0;962,3;962,3;962,1;1457,1;24,9;20;25,5;23,4;21,8;19,8;88;73;74;117;3,1;1,5;
2025/03/02;1400 UTC;0;961,8;962,3;961,8;3409,2;28,8;20;28,9;24,9;21,5;18,8;77;57;59;56;5,2;2,1;
2025/03/02;1500 UTC;0;961;961,7;960,9;2050,8;28,7;18,1;30,1;27,8;20;17,6;59;49;53;86;5,2;1,8;
2025/03/02;1600 UTC;0;959,6;961;959,6;2782,5;31,3;17,2;32,5;28,6;19,6;16,6;55;40;43;72;5,8;2,5;
2025/03/02;1700 UTC;0;958,7;959,6;958,7;1479,3;31,2;14,8;33,5;31;17,4;14,8;43;35;37;93;5,8;2,4;
2025/03/02;1800 UTC;0;958;958,7;958;963,9;32,2;13,7;32,2;31,2;15,1;13,3;38;32;33;121;6,4;2,7;
2025/03/02;1900 UTC;0;957,4;958;957,4;857,7;31,9;13,6;32,3;31,8;13,8;13,3;33;32;33;132;5,9;2,9;
2025/03/02;2000 UTC;0;957;957,4;957;503,9;31,9;14,3;32;31,8;14,3;13,1;35;32;35;82;5,7;2,5;
2025/03/02;2100 UTC;0;957,5;957,5;957;145,6;30,7;14,6;31,9;30,7;14,6;13,8;38;34;37;59;4,7;1,9;
2025/03/02;2200 UTC;0;958;958;957,4;;28,4;16,5;30,7;28,4;16,6;14,4;49;37;49;23;3,6;2;
2025/03/02;2300 UTC;0;958,6;958,6;958;;27,1;17,3;28,3;27;17,7;16,5;57;49;55;16;3;,9;
2025/03/03;0000 UTC;0;959,2;959,2;958,6;;26,4;18,9;27,1;26,4;18,9;17,5;64;55;64;40;1,6;,9;
2025/03/03;0100 UTC;0;960,7;960,8;959,2;;27,7;18,2;28,3;26;19,4;17,3;67;52;56;148;10,3;4,3;
2025/03/03;0200 UTC;0;961;961,1;960,7;;26,5;18,7;27,7;26,5;18,7;18,2;62;56;62;152;10,3;2,9;
2025/03/03;0300 UTC;0;960,7;961;960,7;;25,8;18,3;26,5;25,8;18,7;18,3;63;62;63;142;9,1;3,7;
2025/03/03;0400 UTC;0;960,5;960,9;960,5;;25;18,5;25,8;25;18,5;18,3;67;63;67;145;8;4;
2025/03/03;0500 UTC;0;960,2;960,5;960,2;;24,6;18,5;25;24,6;18,6;18,5;69;67;69;144;7,4;3,1;
2025/03/03;0600 UTC;0;959,8;960,2;959,8;;24;18,9;24,6;24;18,9;18,4;73;69;73;146;7,3;3,4;
2025/03/03;0700 UTC;0;959,8;960;959,8;;24,1;18,6;24,2;23,9;18,9;18,6;74;71;71;154;6,8;2,9;
2025/03/03;0800 UTC;0;960;960;959,8;;24;18,7;24,1;24;18,7;18,6;72;71;72;143;6,4;3,2;
2025/03/03;0900 UTC;0;960,6;960,6;960;3,2;23,9;18,8;24;23,7;18,8;18,7;74;72;73;141;5,9;2;
2025/03/03;1000 UTC;0;960,9;960,9;960,6;162,4;24,2;18,8;24,3;23,8;18,9;18,7;74;71;72;145;5,6;2,9;
2025/03/03;1100 UTC;0;961,4;961,4;960,8;553,9;24,9;18,7;24,9;24,2;18,9;18,4;72;69;69;164;6,5;3,2;
2025/03/03;1200 UTC;0;961,4;961,6;961,4;1070,1;26,8;18,1;26,8;24,8;18,7;17,7;69;59;59;128;7;3,5;
2025/03/03;1300 UTC;0;961;961,4;961;2681;29,1;15,9;29,6;26,9;18,2;15;59;43;45;104;8,8;4;
2025/03/03;1400 UTC;0;960,5;961;960,5;3507,3;31,2;14,7;31,3;29,2;16;14,2;45;36;37;113;10,1;4,1;
2025/03/03;1500 UTC;0;959,8;960,5;959,7;3152,1;31,9;14;32,4;30,5;15,1;14;38;34;34;126;9,9;4,5;
2025/03/03;1600 UTC;0;958,8;959,8;958,8;2742;31,9;13,8;32,6;31,3;14,6;13,7;35;33;33;113;11;4;
2025/03/03;1700 UTC;0;957,9;958,8;957,9;2141,2;32,7;14,3;33;31,6;14,6;13,8;35;32;33;157;8,8;4;
2025/03/03;1800 UTC;0;957,3;957,9;957,3;2303,7;33,3;13,8;33,7;31,9;14,6;13,8;34;31;31;108;8,1;2,7;
2025/03/03;1900 UTC;0;956,5;957,3;956,5;1741,6;33,1;14,1;34,3;32,8;14,4;13,4;33;29;32;128;9,6;4,4;
2025/03/03;2000 UTC;0;956,4;956,6;956,3;1005,8;32,5;14;33,4;32,3;14,4;13,8;34;31;33;114;9,6;3,5;
2025/03/03;2100 UTC;0;957;957;956,4;121,9;31,8;13,9;32,5;31,8;14,1;13,9;34;33;34;116;7,3;3,2;
2025/03/03;2200 UTC;0;957,9;957,9;957;;30,7;14,9;31,8;30,6;14,9;14;38;34;38;131;7,2;3,2;
2025/03/03;2300 UTC;0;958,8;958,8;957,9;;29,8;15,6;30,7;29,8;15,6;14,8;42;38;42;126;7,2;2,3;
2025/03/04;0000 UTC;0;959,6;959,6;958,8;;29,2;15,7;29,8;29,2;15,8;15,6;44;42;44;112;6,8;2,6;
2025/03/04;0100 UTC;0;960,1;960,1;959,6;;28,6;15,6;29,3;28,6;15,6;15,5;45;43;45;111;7,8;3,8;
2025/03/04;0200 UTC;0;959,9;960,2;959,9;;27,6;15,6;28,6;27,6;15,7;15,6;48;45;48;128;10;3,8;
2025/03/04;0300 UTC;0;960,2;960,3;959,9;;27;16,2;27,6;27;16,2;15,6;52;48;52;126;8,9;3,9;
2025/03/04;0400 UTC;0;959,8;960,2;959,8;;26,3;16,9;27;26,3;16,9;16,2;56;52;56;129;9,2;5,3;
2025/03/04;0500 UTC;0;959,2;959,8;959,1;;25,6;17;26,3;25,6;17;16,9;59;56;59;128;9,1;3,6;
2025/03/04;0600 UTC;0;959,3;959,4;959,1;;24,8;17,4;25,6;24,8;17,4;17;64;59;64;123;7,9;2,6;
2025/03/04;0700 UTC;0;959,1;959,3;959,1;;24;17,5;24,8;24;17,6;17,4;67;64;67;139;6,3;2,3;
2025/03/04;0800 UTC;0;959,6;959,6;959,1;;23,1;17,4;24,1;23,1;17,6;17,4;71;67;71;139;5;2,1;
2025/03/04;0900 UTC;0;959,9;959,9;959,6;6,4;22,5;17,7;23,1;22,4;17,7;17,4;74;71;74;139;4,9;2,2;
2025/03/04;1000 UTC;0;960;960;959,7;388,9;23,5;18,1;23,6;22,5;18,1;17,7;74;71;72;137;6,3;3,8;
2025/03/04;1100 UTC;0;960,7;960,8;960;1115,1;24,9;17,6;25,5;23,5;18,4;17,5;72;62;64;125;8,3;4,7;
2025/03/04;1200 UTC;0;961,2;961,3;960,7;1053,3;25,5;17,3;26,2;24,8;18;17,1;64;58;61;121;8,3;4,3;
2025/03/04;1300 UTC;0;961,3;961,3;961,2;1130,5;26,6;17,1;26,6;25,5;17,6;17;61;56;56;120;8,7;4,4;
2025/03/04;1400 UTC;0;960,9;961,3;960,8;2068,9;28;16,5;28,6;26,6;17,2;16;56;48;50;118;8,7;4,1;
2025/03/04;1500 UTC;0;959,8;960,9;959,8;2161,6;28,8;16,2;29,7;27,8;17,2;15,7;51;44;47;143;8;4,1;
2025/03/04;1600 UTC;0;958,7;959,8;958,7;2235,7;29,7;16,1;30,4;28,8;16,5;15,4;47;42;44;125;8,2;3,3;
2025/03/04;1700 UTC;0;957,6;958,7;957,6;2055,2;30,8;15,2;31,5;29,7;16,4;14,6;44;37;39;135;8,6;4,3;
2025/03/04;1800 UTC;0;957;957,6;957;2169;31,6;15;32,7;30,7;15,6;14,3;40;34;37;120;9;2,7;
2025/03/04;1900 UTC;0;956,6;957;956,6;1968,5;32,4;14,5;33;31,3;15,6;13,9;38;33;34;104;7,9;3;
2025/03/04;2000 UTC;0;956,5;956,6;956,5;1021,9;31,8;13,6;32,5;31,5;14,2;13,2;34;33;33;125;8,3;3,2;
2025/03/04;2100 UTC;0;956,7;956,7;956,5;250,8;30,8;13,2;31,9;30,8;13,7;12,8;34;33;34;121;6,6;2,4;
2025/03/04;2200 UTC;0;957,2;957,2;956,7;;29,4;14,4;30,8;29,4;14,4;13,3;40;34;40;123;5,1;1,4;
2025/03/04;2300 UTC;0;957,8;957,8;957,2;;26,8;15,4;29,4;26,6;15,5;14,4;50;40;50;6;2,8;1,2;
2025/03/05;0000 UTC;0;958,5;958,5;957,8;;26,4;15,9;27;25,8;16,3;15,4;56;49;52;60;1,7;,5;
2025/03/05;0100 UTC;0;959,3;959,3;958,5;;27,4;16,2;27,7;26,4;16,3;15,1;52;47;51;78;4,9;2,3;
2025/03/05;0200 UTC;,8;959,6;959,9;959,3;;22,9;20,2;28,3;22,9;20,2;15,9;84;47;84;151;9,5;2,1;
2025/03/05;0300 UTC;0;959,6;959,8;959,5;;24,1;20,9;24,2;22,8;21,5;20,2;91;81;82;83;4,8;2,5;
2025/03/05;0400 UTC;0;959,3;959,7;959,3;;23;21,9;24,2;22,9;21,9;20,8;94;82;94;39;5,5;2;
2025/03/05;0500 UTC;0;958,9;959,4;958,9;;23,5;21,6;23,5;22,9;22;21,5;94;89;89;89;3,4;,9;
2025/03/05;0600 UTC;0;958,7;958,9;958,6;;23,8;19,5;23,9;23,5;21,7;19,5;89;77;77;135;4,5;2,1;
2025/03/05;0700 UTC;0;959,1;959,2;958,7;;23,5;19,6;23,9;23,5;19,6;18,9;79;74;79;143;4,5;,9;
2025/03/05;0800 UTC;0;959,2;959,2;959;;23,5;19,2;23,8;23,5;19,6;18,9;79;74;77;136;4,1;1,6;
2025/03/05;0900 UTC;0;959,7;959,7;959,2;,8;23,4;18,9;23,5;23,3;19,3;18,9;78;76;76;135;4,2;2;
2025/03/05;1000 UTC;0;960,2;960,2;959,7;119,2;23,8;19;23,8;23,4;19,2;18,9;77;75;75;140;4,9;2,6;
2025/03/05;1100 UTC;0;960,7;960,7;960,2;692,7;25;18,8;25,1;23,7;19,3;18,7;75;68;69;119;6,2;2,9;
2025/03/05;1200 UTC;0;960,7;960,9;960,6;1384,6;26;17,7;26,7;24,9;19,1;17,5;69;59;60;123;8,9;4,4;
2025/03/05;1300 UTC;0;960,7;960,8;960,6;1410,6;27,1;17,6;27,2;26;18;17,2;61;55;56;131;8,9;3,5;
2025/03/05;1400 UTC;0;960,3;960,8;960,2;1729,4;28;16,9;28,4;27;17,7;16,8;56;50;51;135;8,3;3,4;
2025/03/05;1500 UTC;0;959,6;960,3;959,6;1967,7;29,4;17;29,4;28;17,4;16,4;51;46;47;122;7,5;3,7;
2025/03/05;1600 UTC;0;958,6;959,6;958,6;1349,8;29,9;16,4;30;29;17,2;16,3;47;44;44;124;7;3;
2025/03/05;1700 UTC;0;957,7;958,6;957,7;2307,3;31;15,4;32;29,9;16,7;15,3;45;38;39;129;8,8;4,5;
2025/03/05;1800 UTC;0;957,5;957,7;957,5;1687,2;31,7;15,2;31,7;30,9;15,7;14,5;39;36;37;122;8,9;4;
2025/03/05;1900 UTC;0;957,6;957,6;957,5;1341,8;31,1;15,3;31,8;30,9;15,3;14,5;39;36;39;117;8;3,9;
2025/03/05;2000 UTC;0;957,2;957,6;957,2;841,2;31,8;13,4;31,9;31;15,5;13,4;39;33;33;106;7,4;3,4;
2025/03/05;2100 UTC;0;957,4;957,4;957,2;352,2;30,6;14,3;32;30,6;14,3;13,4;37;32;37;112;7,4;2,6;
2025/03/05;2200 UTC;0;957,7;957,7;957,4;;29,1;15,4;30,6;29,1;15,4;14,3;43;37;43;107;5,2;1,4;
2025/03/05;2300 UTC;0;958,3;958,3;957,7;;27,7;16;29,1;27,3;16,2;15,4;50;43;49;118;2,8;1,1;
2025/03/06;0000 UTC;0;958,9;958,9;958,3;;27,9;16;28;27,6;16;15,9;49;48;48;121;3,8;2;
2025/03/06;0100 UTC;0;959,6;959,6;958,9;;28,2;15,7;28,3;27,3;16;15,7;50;46;47;120;7,3;3,5;
2025/03/06;0200 UTC;0;960,1;960,1;959,6;;27,5;17,1;28,2;27,5;17,1;15,7;53;47;53;137;9,5;4,5;
2025/03/06;0300 UTC;0;960,1;960,1;960;;26,8;17,2;27,5;26,8;17,2;17,1;56;53;56;136;9,5;3,6;
2025/03/06;0400 UTC;0;959,4;960,1;959,4;;26,1;17,4;26,8;26,1;17,4;17,2;59;56;59;137;7,2;2,8;
2025/03/06;0500 UTC;0;959,3;959,4;959,2;;24,9;17,6;26,1;24,9;17,6;17,4;64;59;64;134;6,5;2,9;
2025/03/06;0600 UTC;0;959,3;959,4;959,2;;24,2;17,8;24,9;24,2;17,8;17,6;67;64;67;121;5,6;2,1;
2025/03/06;0700 UTC;0;959,8;959,8;959,3;;24;18,1;24,2;23,9;18,1;17,7;69;67;69;130;6,9;3,1;
2025/03/06;0800 UTC;0;960,3;960,3;959,8;;23,4;17,8;24;23,4;18,1;17,8;71;69;71;153;7,5;2,5;
2025/03/06;0900 UTC;0;961;961;960,3;3,8;23,2;17,7;23,4;23,2;17,9;17,7;72;71;71;145;6,9;3,8;
2025/03/06;1000 UTC;0;961,8;961,8;961;183,8;23,3;17,9;23,3;23;17,9;17,7;73;71;72;135;7,1;3,2;
2025/03/06;1100 UTC;0;962,1;962,1;961,8;694,8;24,5;17,7;24,5;23,3;18,2;17,5;72;66;66;138;7,1;3,8;
2025/03/06;1200 UTC;0;962,3;962,4;962,1;1268,3;26,7;17,2;27,2;24,4;18,2;17,1;66;55;56;132;7,5;4;
2025/03/06;1300 UTC;0;962;962,3;961,9;2210,8;29,2;16;29,3;26;17,2;15,5;57;45;45;133;10,4;5,7;
2025/03/06;1400 UTC;0;961,4;962;961,3;3286,7;30,7;14,4;31;28,6;16,2;14;46;37;37;133;10,7;4,3;
2025/03/06;1500 UTC;0;960,4;961,4;960,4;3577,7;31,4;14,2;31,9;30,1;14,8;13,4;38;34;35;122;11,2;5,3;
2025/03/06;1600 UTC;0;959,6;960,4;959,6;2825,3;31,3;14,4;32,4;30,7;14,9;13,4;37;33;36;143;11;4,1;
2025/03/06;1700 UTC;0;959;959,7;959;2243,3;32,3;13,8;32,8;31,2;14,4;13,6;36;32;33;165;10,1;4,7;
2025/03/06;1800 UTC;0;958,4;959;958,4;2258,9;32,5;13,4;33,2;31,7;14,4;13,3;34;31;31;147;10;4,6;
2025/03/06;1900 UTC;0;958,3;958,4;958,2;1335;32,2;13,4;33;32;13,9;13,1;33;31;32;156;10;3,4;
2025/03/06;2000 UTC;0;958,4;958,4;958,2;760,1;32,3;12,7;32,4;32;13,3;12,7;32;30;30;130;8;3;
2025/03/06;2100 UTC;0;958,7;958,7;958,3;183,8;31,5;13,2;32,3;31,5;13,2;12,7;33;30;33;97;6,5;2,7;
2025/03/06;2200 UTC;0;959,3;959,3;958,7;;30;14;31,5;30;14;13,2;38;33;38;77;6,1;2,2;
2025/03/06;2300 UTC;0;959,9;959,9;959,3;;27,7;15;30;27,7;15;14;46;38;46;39;3,8;1,4;
2025/03/07;0000 UTC;0;960,7;960,7;959,9;;26,1;15,5;27,7;25,8;16;15;54;46;52;37;1,9;,6;
2025/03/07;0100 UTC;0;961,5;961,5;960,7;;28,5;14,6;28,5;25,8;16,3;14,6;55;43;43;102;7,4;2,4;
2025/03/07;0200 UTC;0;961,6;961,6;961,4;;27,8;16,8;28,7;27,8;16,8;14,3;51;41;51;114;7,7;3,3;
2025/03/07;0300 UTC;0;961,5;961,7;961,5;;26,9;17,6;27,8;26,9;17,6;16,9;57;51;57;126;9;4,1;
2025/03/07;0400 UTC;0;961,3;961,6;961,3;;26;17,8;26,9;26;17,9;17,6;61;57;61;139;10,1;3,5;
2025/03/07;0500 UTC;0;961,2;961,3;961,1;;25,1;17,7;26;25,1;17,9;17,5;63;61;63;123;8,6;3,1;
2025/03/07;0600 UTC;0;961,2;961,2;961,1;;24,4;17,8;25,1;24,4;17,8;17,7;67;63;66;125;7,3;3,2;
2025/03/07;0700 UTC;0;961,3;961,3;961,1;;24,3;17,5;24,4;24,3;17,8;17,5;67;66;66;137;9,3;4;
2025/03/07;0800 UTC;0;961,7;961,7;961,3;;24,3;17,5;24,3;24,1;17,6;17,5;67;66;66;127;8,8;3,8;
2025/03/07;0900 UTC;0;962,1;962,1;961,7;;24,1;17,6;24,3;24,1;17,7;17,4;67;65;67;127;6,8;3,9;
2025/03/07;1000 UTC;0;963,2;963,2;962,1;78,4;22,8;19,1;24,1;22,6;19,2;17,6;80;67;80;108;6,8;2,2;
2025/03/07;1100 UTC;0;963,6;963,7;963,2;427,1;23,3;18,7;23,7;22,7;19,1;18,4;80;72;76;135;7;3,4;
2025/03/07;1200 UTC;0;963,5;963,7;963,5;1332,2;25,5;18,8;25,6;23;19,5;18,5;79;66;66;103;6;3;
2025/03/07;1300 UTC;0;963,1;963,6;963,1;1991,5;26,5;17,7;28;24,8;19,2;17,5;71;55;58;128;8,4;4,3;
2025/03/07;1400 UTC;0;963,1;963,3;963,1;2130,5;27,4;17,7;27,9;26,5;18,3;17,5;59;55;55;141;8,4;4;
2025/03/07;1500 UTC;0;962,3;963,1;962,3;2490,9;28,6;17,4;29;27,4;18,2;16,8;56;48;51;118;8,9;3,9;
2025/03/07;1600 UTC;0;961;962,3;961;2313,2;29,4;16,5;30,6;28,6;17,4;16,2;51;43;46;147;7,5;3,4;
2025/03/07;1700 UTC;0;960,1;961;960,1;2681,7;30,7;15,5;32,1;29,1;17,2;15,1;48;37;40;137;7,6;4,4;
2025/03/07;1800 UTC;0;959,7;960,1;959,7;2425,8;31,8;13,8;32,5;30,5;16,1;13,8;41;33;34;113;8,4;3,2;
2025/03/07;1900 UTC;0;959,1;959,7;959,1;1688,2;32;13,7;32,7;31,1;14,6;13,3;36;32;33;152;7,3;3,8;
2025/03/07;2000 UTC;0;959,1;959,1;958,9;921,8;31,6;13,3;32,4;31,6;14;12,7;34;31;33;139;7,1;2,7;
2025/03/07;2100 UTC;0;959,2;959,2;959;153;30,3;13,2;31,6;30,3;13,5;12,8;35;32;35;149;5,8;2,6;
2025/03/07;2200 UTC;0;959,6;959,6;959,2;;27,9;14,2;30,3;27,8;14,2;13,2;43;35;43;130;5,5;,6;
2025/03/07;2300 UTC;0;960;960;959,6;;28,8;14,2;29,1;27,8;14,3;14,1;43;40;41;138;3,8;2;
2025/03/08;0000 UTC;0;960,6;960,6;960;;27,5;14,8;28,8;27,4;14,8;14,2;46;41;46;86;4,6;1,3;
2025/03/08;0100 UTC;0;961,2;961,2;960,6;;25,4;15,3;27,6;25,2;15,3;14,7;54;45;54;16;3,3;1,4;
2025/03/08;0200 UTC;0;961,5;961,5;961,2;;28;13,3;28,1;25,4;15,4;13,3;54;41;41;124;7,6;3,7;
2025/03/08;0300 UTC;0;961,2;961,5;961,2;;27;14;28;27;14;13,3;45;40;45;126;9,3;4,2;
2025/03/08;0400 UTC;0;960,6;961,2;960,6;;25,8;15,4;27;25,8;15,4;14;53;45;53;126;8,4;2,8;
2025/03/08;0500 UTC;0;960,6;960,7;960,4;;25;16,8;25,8;25;16,8;15,4;60;53;60;119;6,7;2,5;
2025/03/08;0600 UTC;0;960,6;960,7;960,6;;24,4;16,9;25;24,4;16,9;16,6;63;60;63;131;7,6;2,9;
2025/03/08;0700 UTC;0;960,8;960,8;960,6;;23,9;17,1;24,4;23,8;17,1;16,9;66;63;66;148;6,6;2,6;
2025/03/08;0800 UTC;0;961;961,1;960,8;;23,7;17,3;23,9;23,7;17,4;17,1;68;66;68;150;7,4;2,3;
2025/03/08;0900 UTC;0;961,6;961,6;961;3,1;23,4;17,6;23,7;23,4;17,6;17,3;70;68;70;148;5,9;3,1;
2025/03/08;1000 UTC;0;962,4;962,4;961,6;198,1;23,8;17,6;23,9;23,4;17,8;17,6;70;68;68;145;6,2;3,3;
2025/03/08;1100 UTC;0;962,8;962,9;962,4;781,8;25;17,5;25,1;23,8;17,8;17,4;68;63;63;140;8;4,2;
2025/03/08;1200 UTC;0;963;963,1;962,8;831,8;25,9;17,1;25,9;24,8;17,6;17;64;58;58;123;8,3;4,2;
2025/03/08;1300 UTC;0;962,9;963;962,8;1525,2;27,3;16,3;27,5;25,7;17,3;16,1;59;50;51;114;8,4;4;
2025/03/08;1400 UTC;0;962,3;962,9;962,3;2012;29,1;15,7;29,1;27,1;16,8;15;52;44;44;135;7,9;3,7;
2025/03/08;1500 UTC;0;961,3;962,3;961,3;2279,1;30;14,8;30,2;28,8;15,8;14,3;44;40;40;120;9;3,5;
2025/03/08;1600 UTC;0;960,2;961,3;960,2;2434,1;30,7;13,8;31,5;29,7;15,1;13,6;40;35;36;142;8,3;3,7;
2025/03/08;1700 UTC;0;959,5;960,2;959,5;2001,9;31,7;14,1;31,9;30,5;14,2;13,3;36;33;34;131;8,3;2,9;
2025/03/08;1800 UTC;0;958,8;959,5;958,8;1816,2;32,1;13,3;32,6;31,1;13,9;13;35;31;32;112;7,1;2,8;
2025/03/08;1900 UTC;0;958,4;958,8;958,4;1114;31,8;13,4;32,4;31,5;13,8;13;33;31;33;118;5,8;2,2;
2025/03/08;2000 UTC;0;958,3;958,4;958,3;404,1;31,1;13,2;31,8;31,1;13,6;13,2;34;33;34;118;4,5;1,4;
2025/03/08;2100 UTC;0;958,6;958,6;958,3;117,5;30,3;13;31,1;30,3;13,3;13;35;33;35;109;4,4;1,6;
2025/03/08;2200 UTC;0;959,2;959,2;958,6;;26,9;14,2;30,3;26,9;14,2;13,1;46;35;46;22;2,9;1;
2025/03/08;2300 UTC;0;959,8;959,8;959,2;;26,4;14,2;27;26,4;14,5;14,2;48;46;47;22;1,8;1,3;
2025/03/09;0000 UTC;0;960,4;960,4;959,8;;24,7;14,7;26,5;24,6;14,7;14,2;54;47;54;249;5,3;1;
2025/03/09;0100 UTC;0;960,9;960,9;960,4;;23,8;15,2;24,9;23,6;15,2;14,7;59;54;58;83;2,5;,5;
2025/03/09;0200 UTC;0;961;961;960,9;;25,8;14,5;25,9;23,5;15,3;14,3;59;49;49;151;3,2;1,6;
2025/03/09;0300 UTC;0;960,9;961;960,8;;26,8;15,6;26,8;25,5;15,6;14,5;51;49;50;112;6,3;3,5;
2025/03/09;0400 UTC;0;960,8;960,9;960,8;;25,3;15,5;26,8;25,2;15,9;15,2;55;50;55;72;7,9;2,6;
2025/03/09;0500 UTC;0;960,9;961;960,8;;25,2;16,1;25,5;25,1;16,2;15,5;58;55;57;97;6,4;3,4;
2025/03/09;0600 UTC;0;960,4;960,9;960,4;;24,4;16,1;25,2;24,4;16,2;16,1;60;57;60;114;8,8;3;
2025/03/09;0700 UTC;0;960,5;960,6;960,4;;23,3;16,3;24,4;23,3;16,3;16;65;60;65;135;5,9;2,1;
2025/03/09;0800 UTC;0;960,5;960,6;960,4;;22,4;16,6;23,3;22,4;16,6;16,3;70;65;70;136;4,3;1,9;
2025/03/09;0900 UTC;0;961;961,1;960,5;5,3;22,1;17,1;22,4;21,8;17,1;16,5;73;70;73;126;5,1;1,9;
2025/03/09;1000 UTC;0;961,6;961,6;961;384;23,4;17,4;23,4;22,1;17,5;17,1;73;69;69;155;4,5;2,3;
2025/03/09;1100 UTC;0;962,4;962,4;961,6;1158,9;24,4;17;25,1;23,3;17,6;16,9;69;61;63;136;6,9;4;
2025/03/09;1200 UTC;0;962,7;962,7;962,4;2072;26,4;16,6;26,5;24,2;17,5;16,3;64;55;55;123;7,5;3,5;
2025/03/09;1300 UTC;0;962,4;962,7;962,4;2565,9;28,9;15,2;28,9;25,8;16,9;14,9;57;43;43;131;9,6;3;
2025/03/09;1400 UTC;0;961,7;962,5;961,7;3308,2;30,5;14,2;30,8;28,4;15,4;13,2;43;36;37;140;9,3;4,3;
2025/03/09;1500 UTC;0;960,6;961,7;960,5;3736;32,1;13,1;32,6;30;14,7;12,5;38;31;31;120;8,2;3,7;
2025/03/09;1600 UTC;0;959,3;960,5;959,3;3610,7;33,9;10,9;34;31,7;13,2;10,5;32;24;25;163;8,9;4,2;
2025/03/09;1700 UTC;0;958,3;959,4;958,3;3501,8;34,4;10,4;34,6;33,1;11,6;10,1;26;23;23;142;9,8;3,1;
2025/03/09;1800 UTC;0;957,5;958,3;957,5;2570,7;34,7;10;35,4;33,3;11,3;10;25;22;22;144;6,8;3,3;
2025/03/09;1900 UTC;0;956,9;957,5;956,9;1607;34,5;10,3;35;33,7;10,7;9,3;24;22;23;161;6,8;3,1;
2025/03/09;2000 UTC;0;957,1;957,1;956,8;1157,7;33,2;10,6;34,6;33,2;11;10,1;25;23;25;119;7,8;3,5;
2025/03/09;2100 UTC;0;957,7;957,7;957,1;182;32,3;11,1;33,6;32,3;11,5;10,7;27;25;27;119;6,7;2,1;
2025/03/09;2200 UTC;0;958,3;958,3;957,7;;31,6;12,5;32,3;31,5;12,5;11,1;31;27;31;84;5,6;2,2;
2025/03/09;2300 UTC;0;958,9;958,9;958,3;;30,9;12,5;31,6;30,9;12,5;12,4;32;31;32;67;3,8;1,8;
2025/03/10;0000 UTC;0;959,8;959,8;958,9;;30,1;12,7;30,9;30;13;12,5;35;32;34;51;3;1,8;
2025/03/10;0100 UTC;0;960,4;960,4;959,8;;29,6;13,4;30,1;29,6;13,4;12,7;37;34;37;49;3;1,4;
2025/03/10;0200 UTC;0;960,8;960,8;960,4;;29,7;13,5;30,2;29,5;13,6;13,1;38;35;37;75;3,6;2,1;
2025/03/10;0300 UTC;0;961,1;961,1;960,8;;29;14,2;29,9;29;14,2;13;40;36;40;75;7;3,6;
2025/03/10;0400 UTC;0;960,8;961,1;960,6;;27,7;15,9;29;27,7;15,9;14,2;48;40;48;92;6,8;1,9;
2025/03/10;0500 UTC;0;961;961;960,8;;24,1;19,9;27,8;24,1;19,9;15,9;78;48;78;97;10;3,4;
2025/03/10;0600 UTC;0;960,9;961,2;960,9;;22,7;21,2;24,1;22,6;21,2;19,9;91;78;91;80;7,6;1,7;
2025/03/10;0700 UTC;0;960,6;960,9;960,6;;22,6;21,2;22,7;22,5;21,3;20,9;92;90;92;108;4,1;,9;
2025/03/10;0800 UTC;0;960,7;960,7;960,5;;22,5;20,9;22,6;22,4;21,2;20,9;92;90;91;122;3,4;1,8;
2025/03/10;0900 UTC;0;961;961;960,7;1,7;22,8;21,3;22,8;22,5;21,3;20,9;91;91;91;119;3,2;1,6;
2025/03/10;1000 UTC;0;961,5;961,5;961;215,1;23,7;20,9;23,7;22,8;21,3;20,9;91;84;85;87;4,5;1,9;
2025/03/10;1100 UTC;0;962,1;962,1;961,5;673;25,3;20,7;25,4;23,5;21,3;20,7;86;75;75;101;4,6;2,3;
2025/03/10;1200 UTC;0;962,4;962,5;962,1;989,7;26,3;20,1;26,4;24,7;20,9;19,8;77;69;69;98;5,5;2,8;
2025/03/10;1300 UTC;0;962,2;962,5;962,2;1482,2;28,2;19,6;28,5;26,1;20,5;19,4;70;59;60;115;6,2;2,6;
2025/03/10;1400 UTC;0;961,8;962,2;961,8;2132,4;30;18,8;30;27,9;20;18,8;60;51;51;111;5,6;2,9;
2025/03/10;1500 UTC;0;960,9;961,8;960,9;3009,5;30,8;17,9;31,2;29,5;19,4;17,9;53;46;46;124;6,2;3,1;
2025/03/10;1600 UTC;0;959,4;960,9;959,4;2111,7;32,4;17;32,4;30,5;18,5;16,6;47;40;40;154;7,2;3,3;
2025/03/10;1700 UTC;0;958,3;959,4;958,3;1421,7;31,7;16,9;33,3;31,1;17,4;16,2;43;37;41;104;6,6;1,7;
2025/03/10;1800 UTC;0;957,9;958,3;957,9;563,4;30,3;18,5;31,9;29,4;19,1;16,6;54;41;49;229;6,1;,6;
2025/03/10;1900 UTC;0;957,8;958,1;957,8;425,8;31,4;16,6;31,5;30,3;19,2;16,3;51;40;41;90;3,7;2,1;
2025/03/10;2000 UTC;0;958,4;958,4;957,7;414,3;30,9;16,6;31,5;30,9;17,2;16,1;43;40;42;113;4,7;2;
2025/03/10;2100 UTC;0;958,8;958,8;958,4;34,3;27,3;19,9;30,9;27,3;19,9;16,6;64;42;64;314;6,9;2,8;
2025/03/10;2200 UTC;,2;960,6;960,6;958,8;;26,6;21;27,3;26,6;21;19,8;71;64;71;193;6;,9;
2025/03/10;2300 UTC;0;961,4;961,4;960,6;;22,8;21;26,6;22,8;21,4;19,9;90;71;90;204;5,7;2,5;
2025/03/11;0000 UTC;0;961,5;961,5;961,2;;22,6;21;22,8;22,6;21,2;20,8;91;89;91;269;3,5;,8;
2025/03/11;0100 UTC;0;961,4;961,6;960,9;;22,8;20,4;23;22,5;21,1;20,3;92;85;86;220;2,8;1,5;
2025/03/11;0200 UTC;0;961,8;961,9;961,4;;22,7;21,1;22,9;22,6;21,1;20,4;91;86;91;239;2,8;,9;
2025/03/11;0300 UTC;0;961,3;961,8;961,3;;22,9;21,4;22,9;22,6;21,4;21,1;92;91;91;249;1,7;,5;
2025/03/11;0400 UTC;0;961,1;961,4;961,1;;23,3;21,3;23,3;22,7;21,6;21,2;92;88;88;4;2;,8;
2025/03/11;0500 UTC;0;960,7;961,1;960,6;;23,3;20,6;23,7;23,3;21,3;20,5;88;83;85;120;2,2;1,1;
2025/03/11;0600 UTC;0;960,6;960,8;960,6;;23,5;20,9;23,5;23,3;21,1;20,6;87;85;86;128;2,8;1,6;
2025/03/11;0700 UTC;0;960,8;960,8;960,6;;22,4;20,6;23,5;22,4;21,2;20,6;90;86;90;165;2,8;1;
2025/03/11;0800 UTC;0;961,3;961,3;960,8;;21,8;20,8;22,4;21,8;21,3;20,5;95;90;94;161;1,7;1,2;
2025/03/11;0900 UTC;0;962,3;962,3;961,3;11,6;22,1;21,5;22,2;21,8;21,6;20,9;97;94;96;138;1,7;,8;
2025/03/11;1000 UTC;0;962,5;962,5;962,2;268,5;23;21,5;23,1;22,1;22,3;21,5;98;91;91;145;3,2;1,7;
2025/03/11;1100 UTC;0;963,3;963,3;962,5;933,9;25;19,5;25,1;23;21,6;19,5;91;72;72;119;5,4;3;
2025/03/11;1200 UTC;0;963,7;963,7;963,3;1626,1;27,4;18,2;28,1;24,7;19,9;18,1;73;57;57;116;6,2;3,3;
2025/03/11;1300 UTC;0;963,6;963,8;963,6;2379,3;29,9;18,1;29,9;27,1;18,9;17,1;59;48;49;85;6,9;3,5;
2025/03/11;1400 UTC;0;963,2;963,7;963,2;2731,2;31,3;16,3;31,5;28,5;18,2;15,6;49;41;41;91;7,1;2,9;
2025/03/11;1500 UTC;0;962,5;963,2;962,5;2165,3;31,2;16;31,5;29,5;16,9;15,7;45;40;40;136;7,2;2,9;
2025/03/11;1600 UTC;0;961,3;962,5;961,3;2883,3;31,8;15;32,9;30,4;16,2;14,1;41;34;36;127;7;3,3;
2025/03/11;1700 UTC;0;960,4;961,3;960,4;2541,1;33,1;12,9;33,2;31,9;14,8;12,8;36;29;29;118;9,2;3,7;
2025/03/11;1800 UTC;0;959,9;960,4;959,9;2205;33,5;12,4;33,8;32,5;13,5;11,7;30;27;28;113;10;3,2;
2025/03/11;1900 UTC;0;959,7;960;959,7;1695,9;33,3;11,3;34;32,7;12,5;10,7;28;25;26;95;10,1;3,8;
2025/03/11;2000 UTC;0;959,7;959,7;959,5;961,4;32,3;11,1;33,3;32,3;11,7;10,8;28;26;27;120;9,2;4,4;
2025/03/11;2100 UTC;0;959,8;959,8;959,7;265;31,4;10,7;32,6;31,4;11,1;10,3;28;26;28;118;9,2;2,7;
2025/03/11;2200 UTC;0;959,9;959,9;959,8;;29,2;10,5;31,4;29,2;10,7;10,4;31;28;31;77;5,1;1,1;
2025/03/11;2300 UTC;0;960,6;960,6;959,9;;26,5;11,9;29,2;26,2;12,1;10,7;41;31;40;339;1,8;1,1;
2025/03/12;0000 UTC;0;961,3;961,3;960,5;;28;11,6;28;26,3;12,6;11,5;43;36;36;52;2,5;1,4;
2025/03/12;0100 UTC;0;961,8;961,8;961,3;;28,7;12;29;28;12;11,3;36;34;36;60;3,8;2;
2025/03/12;0200 UTC;0;961,5;961,8;961,5;;28,8;12,9;28,9;28,6;12,9;12;38;36;38;113;6,9;3,1;
2025/03/12;0300 UTC;0;961,4;961,6;961,4;;27,5;13,8;28,8;27,5;13,8;12,9;43;38;43;121;7,3;2,4;
2025/03/12;0400 UTC;0;961;961,4;960,9;;26,7;14,7;27,5;26,6;14,7;13,8;48;43;48;104;6,6;2,4;
2025/03/12;0500 UTC;0;960,9;961;960,8;;25,5;15,3;26,7;25,5;15,3;14,7;53;48;53;94;5,5;1,7;
2025/03/12;0600 UTC;0;960,7;960,9;960,7;;24,7;16,1;25,5;24,7;16,1;15,3;59;53;59;110;4,7;2,4;
2025/03/12;0700 UTC;0;960,9;960,9;960,7;;23,7;17;24,7;23,7;17;16,1;66;59;66;115;4,7;1,6;
2025/03/12;0800 UTC;0;961,4;961,4;960,9;;23,2;17,8;23,7;23,2;17,8;17;71;66;71;120;4;1,7;
2025/03/12;0900 UTC;0;962,3;962,3;961,4;2,9;23,1;18,3;23,3;22,8;18,3;17,8;75;71;74;110;3,7;1,7;
2025/03/12;1000 UTC;0;963,4;963,4;962,3;138,2;23,1;18,7;23,4;23,1;18,8;18,3;76;74;76;178;4,6;1,9;
2025/03/12;1100 UTC;0;963,9;963,9;963,4;466,1;24,2;18,9;24,2;23,1;19,1;18,7;77;72;72;151;5,8;3,2;
2025/03/12;1200 UTC;0;964,1;964,1;963,9;860,1;25,8;18,6;25,8;24,2;19,2;18,5;72;65;65;127;7,9;3,8;
2025/03/12;1300 UTC;0;963,9;964,2;963,9;1528;28,3;17,8;28,9;25,7;18,8;17,8;65;52;53;112;7,9;4,4;
2025/03/12;1400 UTC;0;963,2;963,9;963,2;2678,4;30,3;17,3;30,3;28,4;18,2;16,6;53;45;46;122;9;4;
2025/03/12;1500 UTC;0;962,2;963,2;962,2;3606,2;32;14,9;32,2;30,3;17,3;14,9;46;35;36;114;9,1;4,3;
2025/03/12;1600 UTC;0;961;962,2;961;3862,3;33;12,6;33,6;31,7;15,4;11,8;36;28;29;123;9,1;3,9;
2025/03/12;1700 UTC;0;960,1;961,1;960,1;3517,3;33,4;13,1;34,5;32,6;13,5;12,3;30;28;29;107;10;4,7;
2025/03/12;1800 UTC;0;959,8;960,1;959,7;2074,2;32,7;13;34,3;32,5;13,6;12,6;31;28;30;118;11,8;4,6;
2025/03/12;1900 UTC;0;959,4;959,8;959,4;1048,2;32,1;12,9;33;32;13,2;12,6;31;30;31;129;9;4,2;
2025/03/12;2000 UTC;0;959,5;959,5;959,4;652,9;32;13,1;32,2;31,7;13,3;12,8;32;31;32;116;8,6;3,8;
2025/03/12;2100 UTC;0;959,9;959,9;959,5;178;30,9;12,9;32;30,9;13,1;12,8;33;31;33;127;8,8;3,2;
2025/03/12;2200 UTC;0;960,1;960,1;959,9;;29,4;13,4;31;29,4;13,4;12,8;38;33;38;111;7,6;1,2;
2025/03/12;2300 UTC;0;960,3;960,3;960,1;;27,4;14,6;29,4;26,2;14,6;13,4;49;38;46;145;2,6;,8;
2025/03/13;0000 UTC;0;960,6;960,6;960,3;;25,9;14,6;28;25,9;14,6;14,1;50;43;50;323;2,2;,6;
2025/03/13;0100 UTC;0;961;961;960,6;;25,6;15;27;25,6;15;14,6;52;47;52;30;3;1,1;
2025/03/13;0200 UTC;0;960,8;961,1;960,8;;25,1;15,2;25,7;25,1;15,3;14,9;54;52;54;18;2,2;1,4;
2025/03/13;0300 UTC;0;960,4;960,8;960,4;;24,2;15,8;25,3;24;15,9;15,2;60;54;59;20;2,2;1,3;
2025/03/13;0400 UTC;0;960,4;960,4;960,3;;23,6;16,3;24,5;23,5;16,3;15,8;64;59;64;7;2,4;1,8;
2025/03/13;0500 UTC;0;960,2;960,4;960,2;;24,3;17,1;24,3;23,4;17,2;16,3;66;64;64;130;2,6;1,2;
2025/03/13;0600 UTC;0;960,2;960,3;960,2;;24,1;17,7;24,4;24,1;17,7;17,1;68;64;68;112;5,4;1,9;
2025/03/13;0700 UTC;0;960,6;960,6;960,2;;23,4;18,1;24,1;23,4;18,1;17,7;72;68;72;100;3,4;1,4;
2025/03/13;0800 UTC;0;961,3;961,3;960,6;;22,7;18,1;23,5;22,7;18,2;18;76;72;76;113;3,2;1,4;
2025/03/13;0900 UTC;0;962;962;961,3;5,3;22,7;17,8;22,8;22,5;18,2;17,8;76;74;74;109;4,4;2,2;
2025/03/13;1000 UTC;0;962,7;962,7;962;269,4;23,4;17,8;23,5;22,7;17,9;17,6;74;70;71;131;4,7;2,6;
2025/03/13;1100 UTC;0;963,2;963,3;962,7;911,6;25,1;17,2;25,4;23,3;18;16,8;72;60;62;104;6;3,2;
2025/03/13;1200 UTC;0;963,2;963,2;963,1;1758,1;26,9;17;26,9;24,7;17,3;16,4;62;55;55;123;6,9;3;
2025/03/13;1300 UTC;0;962,9;963,2;962,8;2827,7;28,4;15,3;29;26,5;16,6;14,7;54;43;45;121;7,9;3,7;
2025/03/13;1400 UTC;0;962,1;962,9;962,1;3462,7;30,6;13,1;30,6;27,3;15,1;12,9;46;34;34;147;6,9;3,3;
2025/03/13;1500 UTC;0;961,1;962,1;961,1;3644,7;31,5;11,9;32,1;29,8;13,2;11,3;35;29;30;163;8,5;3,5;
2025/03/13;1600 UTC;0;959,9;961,1;959,9;3779,7;32,6;10,6;33,3;30,9;12,1;8,7;30;23;26;119;8,3;3,1;
2025/03/13;1700 UTC;0;958,7;959,9;958,7;3476,6;33,7;10,3;34,1;32;11,1;9,3;27;23;24;91;10,1;2,4;
2025/03/13;1800 UTC;0;958,3;958,8;958,2;2922,5;33,9;8,2;35;33,2;10,3;7,9;24;20;21;130;9;3,7;
2025/03/13;1900 UTC;0;958;958,3;957,8;2183,4;34,1;9;34,6;33,6;9;7,5;22;19;21;169;13,5;4;
2025/03/13;2000 UTC;0;958,1;958,1;957,9;1307;33;9,7;34,1;33;10,2;9;24;22;24;141;8,5;3,5;
2025/03/13;2100 UTC;0;958,5;958,5;958,1;370,3;31,7;10,7;33,3;31,7;10,8;9,9;28;24;28;118;7,8;3;
2025/03/13;2200 UTC;0;959;959;958,5;;30,3;11,4;31,7;30,3;11,4;10,8;31;28;31;87;6;2,7;
2025/03/13;2300 UTC;0;959,5;959,5;959;;29;11,9;30,3;29;11,9;11,4;35;31;35;78;5,4;2,8;
2025/03/14;0000 UTC;0;959,7;959,7;959,5;;26,9;12,2;29;26,7;12,6;11,8;42;35;40;33;4,5;1,9;
2025/03/14;0100 UTC;0;959,9;959,9;959,7;;26;11,9;27;25,5;12,6;11,9;44;40;41;51;3,9;1,8;
2025/03/14;0200 UTC;0;959,7;959,9;959,7;;23,5;12;26,1;23,5;12,3;11,9;48;41;48;35;2,9;,8;
2025/03/14;0300 UTC;0;960,1;960,1;959,7;;23,5;12,7;24,4;22,6;13,1;12,1;54;48;51;83;3,1;,5;
2025/03/14;0400 UTC;0;960,2;960,3;960,1;;25,3;14,7;25,4;22,8;15;12,6;54;51;52;112;4,4;2;
2025/03/14;0500 UTC;0;960;960,3;960;;23,8;15,3;25,3;23,8;15,3;14,7;59;52;59;147;4,4;1,2;
2025/03/14;0600 UTC;0;960,1;960,1;959,9;;23,1;16,3;23,8;23,1;16,7;15,3;66;59;66;145;2,6;1;
2025/03/14;0700 UTC;0;960,3;960,3;960;;22,1;16,5;23,3;22,1;17;16,2;70;66;70;163;2,1;,9;
2025/03/14;0800 UTC;0;960,9;961;960,3;;21,9;17,4;22,1;20,9;17,4;15,9;76;70;75;92;2,4;1,2;
2025/03/14;0900 UTC;0;961,2;961,2;960,9;5,2;22,4;18,4;22,6;21,9;18,4;17,2;78;73;78;106;3,4;1,8;
2025/03/14;1000 UTC;0;961,5;961,5;961,1;394,1;23,8;18,7;23,9;22,4;18,8;18,3;78;72;73;125;3,4;1,8;
2025/03/14;1100 UTC;0;961,9;961,9;961,5;1343,2;26,4;18,7;26,4;23,8;19,1;18,4;73;63;63;121;4,7;2,4;
2025/03/14;1200 UTC;0;961,9;962,1;961,9;1026,4;26,1;18,1;26,5;25;18,6;18,1;67;61;61;111;5,5;2,4;
2025/03/14;1300 UTC;0;961,4;961,9;961,4;2596,1;28,7;17,5;29,1;26;18,8;17,5;62;51;51;122;5,2;2,1;
2025/03/14;1400 UTC;0;960,8;961,5;960,8;3442,4;32;17,2;32;28,7;18;16,3;51;41;41;130;6,1;1,9;
2025/03/14;1500 UTC;0;959,6;960,8;959,6;3764,7;33,5;15,1;34,6;30,3;17;14,5;43;32;33;73;5,6;2,6;
2025/03/14;1600 UTC;0;958,1;959,6;958,1;3156,5;33,9;13,1;34,2;31,9;15,3;13,1;34;29;29;354;6,4;2,2;
2025/03/14;1700 UTC;0;957;958,1;957;2965,8;35,1;12,6;35,5;33,3;14;12,5;30;26;26;71;5,9;1,6;
2025/03/14;1800 UTC;0;956,2;957;956,2;2832,1;34,4;11,3;35,7;34,3;13,2;11,2;27;23;25;156;5,9;1,9;
2025/03/14;1900 UTC;0;955,8;956,2;955,7;1747,9;35,6;10,9;36;34,1;12,1;10,8;25;22;22;196;6,9;3,4;
2025/03/14;2000 UTC;0;956;956;955,7;747,1;34,3;11,1;35,7;34;11,2;10,5;25;22;24;158;6,9;3,3;
2025/03/14;2100 UTC;0;956,5;956,5;956;271,4;32,7;11;34,4;32,7;11,5;10,9;27;24;27;154;6,3;1,7;
2025/03/14;2200 UTC;0;957,6;957,6;956,5;;31,1;11,4;32,6;30,9;11,6;11;30;27;30;135;3,1;1,1;
2025/03/14;2300 UTC;0;958,4;958,4;957,6;;28,1;12,3;31,1;28;12,4;11,3;38;30;38;4;2,1;1,1;
2025/03/15;0000 UTC;0;959,2;959,2;958,4;;27,7;12,6;28,4;27;12,7;12,2;41;37;39;5;3,7;2,3;
2025/03/15;0100 UTC;0;959,5;959,6;959,2;;27,9;18;28,4;27,4;18;12,7;55;39;55;347;7,7;3,8;
2025/03/15;0200 UTC;0;959,3;959,5;959,3;;27,4;18,6;27,9;27,4;18,6;18;59;55;59;346;8,6;4,9;
2025/03/15;0300 UTC;0;958,5;959,3;958,5;;26,7;19;27,4;26,7;19,1;18,6;63;59;63;336;8,7;4,3;
2025/03/15;0400 UTC;0;958,8;958,9;958,4;;25,1;18,6;26,8;25,1;19,1;18,6;67;63;67;168;8,4;1,7;
2025/03/15;0500 UTC;0;959,2;959,3;958,7;;23,8;17;25,1;23,8;18,6;16,9;69;64;66;280;6,3;,4;
2025/03/15;0600 UTC;0;959,3;959,4;959,1;;23,3;16,6;24,2;23,3;17;16,5;67;63;66;143;2,1;,4;
2025/03/15;0700 UTC;0;959;959,3;958,9;;23,9;17,8;24,6;23,1;18,1;16,6;68;65;68;205;2,6;,6;
2025/03/15;0800 UTC;0;959,3;959,3;959;;24,9;19,2;24,9;23,8;19,2;17,7;71;68;71;115;4,1;2,2;
2025/03/15;0900 UTC;0;959,7;959,7;959,3;6,5;24,5;19,2;24,9;24,5;19,2;19,1;73;71;73;129;4,6;2,1;
2025/03/15;1000 UTC;0;960,7;960,7;959,7;238,5;25;19,4;25,2;24,5;19,5;19,2;73;70;71;141;5,4;2,8;
2025/03/15;1100 UTC;0;961,6;961,6;960,7;202,1;25;19,4;25,2;24,8;19,6;19,3;72;71;71;138;6,1;3,1;
2025/03/15;1200 UTC;0;961,9;962;961,6;945,2;27;19,7;27;25;19,8;19,1;71;64;64;119;6;2,7;
2025/03/15;1300 UTC;0;961,4;961,9;961,4;1831,7;28,7;19,2;29;26,4;19,9;18,8;66;56;57;89;7,1;2,3;
2025/03/15;1400 UTC;0;960,7;961,5;960,7;2593;29,9;17,4;31,3;28,1;19,4;17,3;57;45;47;123;7,1;3;
2025/03/15;1500 UTC;0;959,7;960,7;959,7;3016,9;32,3;15,8;33,3;29,8;18;15,5;48;35;37;148;6,6;3,6;
2025/03/15;1600 UTC;0;958,4;959,7;958,4;2363,6;32,5;15,5;33,8;31,7;16,1;14,6;38;33;36;122;8;3,1;
2025/03/15;1700 UTC;0;957,2;958,4;957,2;2119;33,4;14,3;34,7;32,5;15,8;14;36;30;32;116;6,7;2,8;
2025/03/15;1800 UTC;0;956,2;957,2;956,2;1769,8;34,6;13,8;35,3;32,8;14,8;13,6;33;28;29;170;8,1;4,2;
2025/03/15;1900 UTC;0;956,1;956,5;956,1;1011,6;34,3;13,2;35,2;33;14,3;13;31;28;28;165;9,3;4,1;
2025/03/15;2000 UTC;0;956,6;956,6;956;804,7;33,4;12,4;34,5;33,3;13,1;11,7;28;27;28;137;9,3;3,7;
2025/03/15;2100 UTC;0;956,9;956,9;956,6;189,5;32,2;12,8;33,4;32,2;13,2;12,3;31;28;31;119;8,7;2,2;
2025/03/15;2200 UTC;0;957,7;957,7;956,9;;30,8;13,2;32,2;30,8;13,2;12,8;34;31;34;112;4,5;1,1;
2025/03/15;2300 UTC;0;958,5;958,5;957,7;;29;14,2;30,8;28,8;14,3;13,1;41;34;40;14;1,9;1,1;
2025/03/16;0000 UTC;0;959,2;959,2;958,5;;29;16,7;29,1;27,7;16,7;14,1;47;40;47;358;6,4;3,6;
2025/03/16;0100 UTC;0;959,8;959,8;959,2;;27,3;19,2;29;27,3;19,2;16,9;61;47;61;333;6,4;2,8;
2025/03/16;0200 UTC;0;960;960,1;959,8;;26,8;19,5;27,3;26,8;19,5;19,2;64;61;64;341;6,2;2,2;
2025/03/16;0300 UTC;0;960;960;959,8;;27;19,4;27;26,8;19,5;19,4;64;63;63;157;5,4;1;
2025/03/16;0400 UTC;0;960,1;960,2;959,9;;26,6;18,8;27,1;26,5;19,4;18,8;64;62;62;18;4,4;2,2;
2025/03/16;0500 UTC;0;959,6;960,1;959,6;;25,5;19,1;26,6;25,5;19,1;18,8;68;62;68;338;4,2;1,7;
2025/03/16;0600 UTC;0;959,7;959,7;959,4;;25;19,4;25,5;25;19,4;19,2;71;68;71;346;2,8;1;
2025/03/16;0700 UTC;0;960;960;959,7;;24,5;19,9;25,1;24,5;19,9;19,5;75;71;75;21;3,4;2,1;
2025/03/16;0800 UTC;0;960,7;960,7;960;;24,7;19,8;24,9;24,5;20;19,7;76;73;74;22;3;,5;
2025/03/16;0900 UTC;0;961,2;961,2;960,7;,2;24,7;20,3;25;24,7;20,3;19,7;76;73;76;170;1,7;,9;
2025/03/16;1000 UTC;,6;961,8;961,8;961,2;143,6;24,5;21,1;24,7;24,1;21,6;20,3;85;76;81;117;3,3;1,5;
2025/03/16;1100 UTC;0;962,5;962,5;961,8;500,2;25,3;20,9;25,4;24,5;21,5;20,8;82;76;76;87;5,9;3,1;
2025/03/16;1200 UTC;0;962,8;963;962,5;859,8;27,5;22,1;27,5;24,8;22,2;20,5;82;72;72;138;5,9;2,5;
2025/03/16;1300 UTC;0;962,7;962,8;962,7;2408,3;28,4;20,1;30,2;26,9;21;19,1;72;54;61;108;6,6;3,4;
2025/03/16;1400 UTC;0;961,9;962,7;961,9;1954,6;31;18,6;31;27,6;21,1;18,4;65;48;48;117;7,5;3,9;
2025/03/16;1500 UTC;0;960,8;961,9;960,8;2777,6;32,3;17;32,9;29,8;19,2;16,7;51;38;40;66;7;3,6;
2025/03/16;1600 UTC;0;959,6;960,8;959,6;2914;33,1;16,2;34;31,2;17,3;15,4;43;34;37;135;7,5;3,5;
2025/03/16;1700 UTC;0;958,4;959,6;958,4;2976,9;34,3;14,7;35;32,8;16,3;14,7;37;30;31;115;7,9;2,8;
2025/03/16;1800 UTC;0;957,8;958,4;957,7;2525,7;34,5;13,1;36;33,4;14,9;13,1;32;27;28;128;7,2;3,6;
2025/03/16;1900 UTC;0;957,9;957,9;957,7;1951,3;34,4;12,4;35,3;33,9;14,2;12,4;30;26;27;137;8,7;3,5;
2025/03/16;2000 UTC;0;957,6;957,9;957,5;1211,6;34,1;12;34,9;34;13,8;11,8;29;25;26;139;7,8;3,6;
2025/03/16;2100 UTC;0;958,2;958,2;957,6;259,9;32,9;10,7;34,1;32,9;12;10,7;27;25;26;130;6,7;2,5;
2025/03/16;2200 UTC;0;958,7;958,7;958,1;;30,8;11,7;32,9;30,8;11,7;10,7;31;26;31;93;5;1,2;
2025/03/16;2300 UTC;0;959,8;959,8;958,7;;30,2;14,2;30,8;29,2;14,2;11,7;38;31;38;5;7,9;2,7;
2025/03/17;0000 UTC;0;961,3;961,3;959,8;;27,7;19,4;30,2;27,7;19,7;15,6;61;38;61;347;7,9;1,5;
2025/03/17;0100 UTC;0;961,8;961,8;961,3;;26,1;19,2;27,9;26,1;19,4;18,8;66;59;65;24;12,9;4,2;
2025/03/17;0200 UTC;0;961,6;961,9;961,5;;24,6;17,7;26,1;24,6;19,1;17,7;66;62;65;184;7,2;,5;
2025/03/17;0300 UTC;0;962,1;962,1;961,6;;24,8;17,1;25,1;24;18,2;17,1;69;62;62;131;3;1,3;
2025/03/17;0400 UTC;0;961,7;962,2;961,6;;24,7;17,7;25;24,7;17,7;17,1;65;62;65;73;3,8;2,1;
2025/03/17;0500 UTC;0;961,4;961,7;961,4;;24,7;18,1;24,9;24,7;18,1;17,7;66;65;66;80;3,9;2,2;
2025/03/17;0600 UTC;0;961,6;961,6;961,4;;24;19;24,8;24;19;18,1;74;66;74;120;3,8;1,8;
2025/03/17;0700 UTC;0;961,7;961,7;961,5;;24,3;19,3;24,3;24;19,3;19;74;73;73;105;3,9;1,3;
2025/03/17;0800 UTC;0;962;962,1;961,7;;24,5;19,5;24,5;24,3;19,5;19,3;74;73;74;130;3,4;1,5;
2025/03/17;0900 UTC;0;962,6;962,6;962;,7;24,3;19,5;24,6;24,3;19,6;19,4;75;73;74;85;5,3;2,3;
2025/03/17;1000 UTC;0;963,2;963,2;962,6;221,8;23,6;20,9;24,5;23,3;21,1;19,5;87;74;85;134;5,8;2,5;
2025/03/17;1100 UTC;0;963,8;963,8;963,2;728,8;24,1;19,8;24,4;23,3;21;19,8;86;76;77;170;6;3,4;
2025/03/17;1200 UTC;0;964,3;964,3;963,8;1353,5;25,6;19,4;26;24,1;20;19,3;77;68;69;145;6;2,6;
2025/03/17;1300 UTC;0;964;964,3;964;1274;27,7;19,9;27,7;25,6;20,1;19,5;70;62;62;138;7,3;4,1;
2025/03/17;1400 UTC;0;963,4;964,1;963,4;2089,7;29,3;17,4;29,5;27,1;19,9;17,2;64;48;49;139;7,6;3,4;
2025/03/17;1500 UTC;0;962,1;963,4;962,1;2751,1;30,4;16,7;31,8;28,7;18,2;16,3;51;40;44;156;8,1;3,5;
2025/03/17;1600 UTC;0;960,7;962,1;960,7;1987,1;31,2;16,6;32,7;29,9;17,8;15,5;48;38;42;126;8,1;4,3;
2025/03/17;1700 UTC;0;959,4;960,7;959,4;1423,9;31;16,3;32,6;30,5;17;15,5;42;36;41;160;9,4;3,8;
2025/03/17;1800 UTC;0;958,5;959,4;958,5;990,9;31,6;16,1;32,8;30,8;17,2;15,7;44;38;39;151;6,9;3,6;
2025/03/17;1900 UTC;0;958,2;958,5;958,1;780;32,2;15,7;32,2;31,5;16,4;15,4;39;37;37;145;6,8;3,3;
2025/03/17;2000 UTC;0;958,7;958,7;958,2;276,3;31,5;15,6;32,2;31,5;16,2;15,3;40;36;38;150;7,2;1,9;
2025/03/17;2100 UTC;0;959;959;958,6;52;29,6;16,6;31,5;29,6;16,7;14,9;46;37;46;357;6,9;1,4;
2025/03/17;2200 UTC;0;959,5;959,5;959;;27,4;18,9;29,6;27,4;19,2;16,5;60;45;60;351;8,6;5,2;
2025/03/17;2300 UTC;0;960,1;960,1;959,5;;26,9;18,9;27,4;26,9;19,2;18,9;62;60;62;349;8,6;3,8;
2025/03/18;0000 UTC;0;960,7;960,7;960,1;;26,5;18,9;26,9;26,4;19;18,9;63;62;63;6;6,4;2,6;
2025/03/18;0100 UTC;0;961;961;960,7;;26;18,8;26,5;26;18,9;18,8;65;63;64;2;3,9;,9;
2025/03/18;0200 UTC;0;960,9;961,1;960,9;;25,5;18,7;26,1;25,5;18,8;18,7;66;64;66;226;1,6;1;
2025/03/18;0300 UTC;0;961,7;961,9;960,9;;26;18,5;26;25,2;19,3;18,5;70;63;63;136;3,5;1,7;
2025/03/18;0400 UTC;0;961,5;961,7;961,5;;25,7;18,5;26,4;25,7;18,5;18,1;64;61;64;84;4;2,1;
2025/03/18;0500 UTC;0;961,5;961,5;961,2;;25,5;18,7;25,7;25,4;18,7;18,5;66;64;66;108;3,8;,9;
2025/03/18;0600 UTC;0;961,5;961,6;961,5;;25;18,8;25,5;25;18,8;18,6;68;66;68;31;2,4;1,3;
2025/03/18;0700 UTC;0;961,8;961,9;961,5;;25;19;25,2;24,8;19;18,8;70;68;69;83;7,1;3,1;
2025/03/18;0800 UTC;,4;962,1;962,3;961,6;;20,8;19,4;25;20,8;20,3;18,3;93;69;92;56;13,5;5,6;
2025/03/18;0900 UTC;1,2;962;962,1;961,8;2,4;20,9;19,5;20,9;20,5;19,8;19,3;95;91;92;70;9,9;3;
2025/03/18;1000 UTC;0;962,3;962,3;962;170,3;21,6;19,7;21,6;20,9;19,9;19,3;92;89;89;327;5,8;,5;
2025/03/18;1100 UTC;0;962,7;962,7;962,3;497,1;23,6;20,5;23,6;21,6;20,5;19,7;90;82;83;242;1,8;1;
2025/03/18;1200 UTC;0;963,1;963,1;962,7;1228,2;25,3;19,1;25,5;23,6;20,6;18,4;83;67;69;141;3,1;1,4;
2025/03/18;1300 UTC;0;962,7;963,1;962,7;1925,7;28,4;18,4;28,4;25,1;19,1;17,6;68;54;55;129;4,1;1,9;
2025/03/18;1400 UTC;0;962,1;962,7;962,1;3406,4;30,7;16,7;31;28,4;18,6;16,2;55;42;43;90;7,4;3,3;
2025/03/18;1500 UTC;0;961;962,1;961;3739,7;31,6;15,6;32;30,2;17,2;14,3;44;34;38;134;7,6;2,9;
2025/03/18;1600 UTC;0;959,7;961;959,7;3739;32,2;14,8;33,5;31,4;15,5;13,7;38;32;35;142;8,3;3,2;
2025/03/18;1700 UTC;0;958,9;959,7;958,9;2564,5;32,7;14;33,8;31,9;15,3;13,7;35;32;32;119;8;3,3;
2025/03/18;1800 UTC;0;958,4;958,9;958,3;2399,4;33,1;13,4;35,1;32;14,4;13,3;33;28;30;130;8,4;3,2;
2025/03/18;1900 UTC;0;958,2;958,4;958,2;2128,1;34,1;12,7;34,4;33;14,2;12,5;31;27;27;162;7,5;2,5;
2025/03/18;2000 UTC;0;958,2;958,2;958;1174,9;32,8;13;34,2;32,7;13;12;30;27;30;132;7,2;3,1;
2025/03/18;2100 UTC;0;958,3;958,4;958,1;216;31,7;13,3;33;31,7;13,5;12,9;33;30;33;134;6;2;
2025/03/18;2200 UTC;0;958,9;958,9;958,3;;30,7;14,7;31,7;30,7;14,7;13,3;38;33;38;84;3,8;1,5;
2025/03/18;2300 UTC;0;959,3;959,3;958,9;;28,9;17;30,7;28,9;17;14,7;48;38;48;18;2,6;1,2;
2025/03/19;0000 UTC;0;959,6;959,6;959,3;;27,9;16,2;28,9;27,9;17,2;16,1;50;48;49;3;4,2;2,1;
2025/03/19;0100 UTC;0;959,8;959,9;959,6;;27,3;18,9;28,2;27,3;18,9;16,3;60;49;60;355;6,1;2,6;
2025/03/19;0200 UTC;0;959,6;959,8;959,6;;26,4;19,3;27,3;26,4;19,4;18,9;65;60;65;360;6,1;2,2;
2025/03/19;0300 UTC;0;959,5;959,7;959,5;;25,9;19,5;26,4;25,9;19,6;19,3;68;65;68;261;5,6;,7;
2025/03/19;0400 UTC;0;958,8;959,5;958,8;;25,4;19,4;25,9;25,4;19,6;19,3;69;68;69;360;6,5;1,9;
2025/03/19;0500 UTC;0;958,3;958,8;958,3;;25;19,4;25,5;24,8;19,5;19,1;71;69;71;328;4,6;,8;
2025/03/19;0600 UTC;0;958,8;958,8;958,3;;23,4;19,1;25,2;23,4;19,5;19;77;70;77;175;3,8;1,6;
2025/03/19;0700 UTC;0;959,2;959,2;958,8;;22,5;20,2;23,4;22,3;20,2;19,1;87;77;86;191;2,7;,7;
2025/03/19;0800 UTC;0;960,1;960,1;959,2;;23,2;20,1;23,2;22,4;20,4;19,8;86;83;83;284;1,8;,9;
2025/03/19;0900 UTC;0;960,7;960,7;960,1;7,9;22,7;20,1;23,2;22,7;20,2;20;85;83;85;169;1,5;,1;
2025/03/19;1000 UTC;0;961,5;961,5;960,7;262;24,3;20;24,3;22,7;20,4;20;86;77;77;271;2;1,1;
2025/03/19;1100 UTC;0;961,8;961,8;961,5;1199,3;27,4;20;27,4;24,3;20,5;19,8;78;64;64;320;5;2,4;
2025/03/19;1200 UTC;0;962,1;962,1;961,8;2544,2;30,7;19,3;30,7;27,4;20;19;64;51;51;345;5;1,5;
2025/03/19;1300 UTC;0;961,9;962,2;961,9;3301,1;32,3;17,6;32,3;29,8;19,3;17,6;51;42;42;117;5;1,9;
2025/03/19;1400 UTC;0;961,1;961,9;961,1;2997,5;31,2;16,8;33,4;30,3;18;16,7;47;38;42;41;5,5;1,7;
2025/03/19;1500 UTC;0;960;961,1;960;3129,6;33,9;16,1;34,5;30,9;17,5;16;44;34;35;93;5,8;3;
2025/03/19;1600 UTC;0;958,7;960;958,7;3517;34,9;15,3;35;32,8;16,5;14,7;37;31;31;132;6,9;3;
2025/03/19;1700 UTC;0;957,7;958,7;957,7;2217,8;33,8;15,6;35,1;33;15,7;14,4;34;30;34;93;7,3;4;
2025/03/19;1800 UTC;0;957,2;957,7;957,1;916,6;33,3;13,7;34,1;33;15,7;13,7;34;31;31;121;6,9;2,7;
2025/03/19;1900 UTC;0;958;958;957,2;575;29;18,1;33,4;29;18,8;13,6;53;31;52;16;9,8;6,2;
2025/03/19;2000 UTC;0;958;958,3;957,9;378,6;27,6;19;29,1;27,4;19,1;18,1;60;52;59;327;10,2;3,7;
2025/03/19;2100 UTC;0;958,2;958,3;958;63,9;27,1;19,1;27,6;27;19,1;18,4;62;58;62;329;7,8;4,4;
2025/03/19;2200 UTC;0;959,3;959,3;958,2;;26,7;19,1;27,3;26,7;19,2;18,9;63;60;63;352;6,9;1,8;
2025/03/19;2300 UTC;0;960;960;959,3;;26,4;19,3;26,7;26,4;19,4;19,1;65;63;65;340;5,3;3;
2025/03/20;0000 UTC;0;960,9;960,9;960;;26,3;19,2;26,4;26,2;19,4;19,2;66;65;65;257;4,7;2,2;
2025/03/20;0100 UTC;0;961,1;961,1;960,9;;25,6;19,7;26,4;25,6;19,8;19,2;70;65;70;270;4,7;2,4;
2025/03/20;0200 UTC;0;960,9;961,1;960,8;;25,3;19,1;25,7;25,3;19,7;18,4;70;65;69;312;5,7;2,4;
2025/03/20;0300 UTC;0;960,6;960,9;960,5;;24,9;19,9;25,3;24,8;19,9;19,2;74;69;74;328;6,9;2,9;
2025/03/20;0400 UTC;0;960,4;960,6;960,3;;24,9;19;25;24,8;19,9;19;74;70;70;358;4,6;,8;
2025/03/20;0500 UTC;0;960,1;960,4;960;;24,6;19;25,1;24,5;19,2;19;72;69;71;125;4;1,7;
2025/03/20;0600 UTC;0;960,2;960,2;960;;23,8;19,6;24,5;23,6;19,6;19;78;71;78;60;4;1;
2025/03/20;0700 UTC;0;960,4;960,4;960,2;;24,5;19,5;24,5;23,8;19,7;19,4;78;73;74;37;2,5;1,4;
2025/03/20;0800 UTC;0;960,4;960,5;960,2;;24,4;19,6;24,5;24,4;19,7;19,5;75;74;75;39;3,3;1,5;
2025/03/20;0900 UTC;0;961;961;960,3;10,5;24,3;19,7;24,4;24,1;19,7;19,6;76;75;75;60;2,5;,5;
2025/03/20;1000 UTC;0;961,9;961,9;961;354;25,8;19,7;25,8;24,3;19,8;19,5;75;69;69;154;2,9;1,3;
2025/03/20;1100 UTC;0;962,7;962,7;961,9;898,3;27,2;19,4;27,6;25,7;19,9;19,1;69;61;63;165;2,9;,7;
2025/03/20;1200 UTC;0;963;963;962,7;1242,3;29;19,3;29,2;26,8;19,9;18,9;64;56;56;42;4,6;2;
2025/03/20;1300 UTC;0;962,6;963;962,6;2173,8;31,7;18,5;31,7;28,2;19,4;18,3;57;46;46;68;5,7;2,5;
2025/03/20;1400 UTC;0;961,9;962,6;961,9;3329,9;32,8;18,1;32,9;30,1;18,9;17,7;49;42;42;84;6,5;2,9;
2025/03/20;1500 UTC;0;960,9;961,9;960,9;3048,7;33,7;16,4;34,1;31,6;18,3;16,3;44;35;36;92;7,8;3,3;
2025/03/20;1600 UTC;0;959,8;960,9;959,8;3077;33,6;15,4;35,3;32,7;16,6;15,2;37;32;34;102;7,2;3,2;
2025/03/20;1700 UTC;0;958,7;959,9;958,7;1988,9;33,7;15,2;35,1;33;16,3;15;36;32;33;143;7;3,5;
2025/03/20;1800 UTC;0;957,7;958,7;957,7;1182,1;34,1;14,8;34,7;33;15,3;14,4;34;31;31;73;10;5;
2025/03/20;1900 UTC;0;957,6;957,8;957,5;1328,3;34,3;14,3;34,9;32,9;15,5;13,8;34;29;30;108;10;3,3;
2025/03/20;2000 UTC;0;957,9;957,9;957,6;898,1;30,2;18,2;34,9;30,2;18,2;14,1;49;30;49;151;7,8;3;
2025/03/20;2100 UTC;0;958,5;958,5;957,9;50;30,6;15,2;32,4;30,1;18,3;15,1;49;37;39;75;8,9;1,9;
2025/03/20;2200 UTC;0;959,4;959,4;958,5;;29,2;18,3;30,7;29,2;18,3;14,8;52;39;52;18;6;3,6;
2025/03/20;2300 UTC;0;960,3;960,3;959,4;;28,3;18,8;29,2;28,2;18,8;18,3;56;52;56;7;5,9;2,8;
2025/03/21;0000 UTC;0;960,7;960,8;960,3;;27,5;19,1;28,3;27,4;19,3;18,8;61;56;60;360;5,3;2,1;
2025/03/21;0100 UTC;0;961,2;961,3;960,7;;26,6;19,8;27,5;26,6;19,8;19;66;60;66;19;6,3;1,4;
2025/03/21;0200 UTC;0;961,3;961,3;961;;26,3;19,9;26,7;26,2;20,1;19,9;69;66;68;38;3,5;,7;
2025/03/21;0300 UTC;0;961,2;961,3;961,1;;25;20;26,3;24,9;20;19,8;74;68;74;278;2,6;1,1;
2025/03/21;0400 UTC;0;960,5;961,2;960,5;;25,5;20,1;26;25;20,4;19,9;74;70;72;81;3,7;,8;
2025/03/21;0500 UTC;0;960,9;960,9;960,5;;23,7;20,2;25,5;23,7;20,2;19,8;81;72;81;206;3,9;1,3;
2025/03/21;0600 UTC;0;960,6;960,9;960,5;;23,3;21;23,7;23,1;21;20,2;87;81;87;353;2;,7;
2025/03/21;0700 UTC;0;960,7;960,9;960,6;;23,9;20,9;24;23,2;21,1;20,6;87;83;83;318;1,7;,8;
2025/03/21;0800 UTC;0;961,1;961,1;960,7;;24,3;20,7;24,3;23,7;21,1;20,6;84;80;81;248;1,4;,5;
2025/03/21;0900 UTC;0;961,5;961,5;961,1;4,4;24,6;19,8;25;24,3;20,8;19,8;81;75;75;332;4;2,1;
2025/03/21;1000 UTC;0;962,3;962,3;961,5;244,4;25,4;19,5;25,4;24,5;19,7;19,4;75;70;70;142;4,6;,7;
2025/03/21;1100 UTC;0;963,2;963,2;962,3;451,7;25,8;19,7;27;25,4;19,8;19;70;62;69;313;2,5;1;
2025/03/21;1200 UTC;0;963,6;963,6;963,2;371,2;26,2;19,6;26,6;25,8;19,8;19,4;69;66;67;36;3,3;1,3;
2025/03/21;1300 UTC;0;963,6;963,7;963,5;1087,7;27,7;19,7;27,7;26,1;20,1;19,2;68;61;62;129;5,5;2,5;
2025/03/21;1400 UTC;0;963,3;963,7;963,3;2481,7;30,3;19;30,7;27,6;19,8;18,6;62;50;51;90;6,2;3;
2025/03/21;1500 UTC;0;962,5;963,3;962,5;2683,8;31,1;18,4;31,4;29,3;19,1;17,9;51;46;47;61;8;4;
2025/03/21;1600 UTC;0;961,7;962,5;961,7;3504,4;30,8;18,3;32,4;30,1;19,2;17,7;49;44;47;34;9,8;5,1;
2025/03/21;1700 UTC;0;960,7;961,7;960,7;2925,5;31,8;17,7;32,1;30,4;18,9;17,6;48;43;43;18;9,7;5,8;
2025/03/21;1800 UTC;0;960;960,7;960;2258,1;31,3;15,9;33,1;30,4;18;15,5;46;39;40;26;11,6;6,3;
2025/03/21;1900 UTC;0;959,6;960;959,6;1449,4;30,4;13,9;31,7;30,2;15,8;13,5;41;34;36;38;10,3;4,7;
2025/03/21;2000 UTC;0;959,6;959,6;959,5;599,6;30;13,7;31;30;14;13,5;37;35;37;9;7,1;2,7;
2025/03/21;2100 UTC;0;960;960;959,6;127,8;27,4;16,7;29,9;27,4;16,7;13,8;52;37;52;326;5;2,8;
2025/03/21;2200 UTC;0;960,5;960,5;960;;26;19,2;27,4;26;19,3;16,8;66;52;66;331;6,2;3,5;
2025/03/21;2300 UTC;0;961;961;960,5;;25,5;18,7;26;25,5;19,2;18,7;67;66;66;338;6,3;3,2;
2025/03/22;0000 UTC;0;961,6;961,6;960,9;;25,1;17,5;25,5;25,1;18,6;17,5;66;63;63;324;4,9;,4;
2025/03/22;0100 UTC;0;962,2;962,2;961,6;;25,1;17,1;25,2;24,1;17,6;17,1;66;61;61;328;4,9;3;
2025/03/22;0200 UTC;0;962,2;962,3;962,2;;25,3;16,2;25,3;25;17;16,2;61;57;57;327;6,5;3,8;
2025/03/22;0300 UTC;0;961,8;962,2;961,8;;25;16,4;25,4;23,5;16,8;16,1;66;56;59;327;5,8;2,4;
2025/03/22;0400 UTC;0;961,3;961,7;961,3;;22,4;17,8;25;22,4;17,8;16,3;75;58;75;224;4,1;1,5;
2025/03/22;0500 UTC;0;961,6;961,6;961,3;;22,6;18;22,6;22,3;18,3;17,9;78;75;75;132;3,7;,9;
2025/03/22;0600 UTC;0;961,6;961,8;961,5;;22,8;18,4;22,9;22,5;18,4;17,8;76;74;76;128;2,1;,9;
2025/03/22;0700 UTC;0;962;962;961,6;;22,3;18,2;22,8;22,3;18,5;18;78;76;78;320;2,4;1,2;
2025/03/22;0800 UTC;0;962;962;962;;23,4;18;23,4;22;18,3;18;78;72;72;288;2,1;,5;
2025/03/22;0900 UTC;0;962,6;962,6;962;1,3;24;18,2;24;23,4;18,3;18;72;70;70;191;1,2;,4;
2025/03/22;1000 UTC;0;963,3;963,3;962,6;73,6;24;18,7;24;23,6;18,8;18,3;73;70;72;163;2,1;,7;
2025/03/22;1100 UTC;0;963,7;963,7;963,3;253,9;24,6;19;24,8;24;19,1;18,1;72;68;71;40;2,6;1,6;
2025/03/22;1200 UTC;0;963,9;964;963,7;804,7;25,6;18,6;26,2;24,6;19,2;18,3;71;63;65;150;3,3;1,4;
2025/03/22;1300 UTC;0;963,9;964;963,9;515,5;25,7;19,1;26;25,5;19,3;18,6;68;65;67;130;4,4;2,1;
2025/03/22;1400 UTC;,2;963,5;964;963,5;657,7;24,2;22,3;25,7;23,2;22,7;19,2;93;67;89;16;5,8;1,7;
2025/03/22;1500 UTC;0;962,4;963,5;962,4;3076,1;28,5;19,3;29,2;24,2;22,7;19,3;90;56;57;41;4,8;2,2;
2025/03/22;1600 UTC;0;960,9;962,4;960,9;2297,9;29,8;19,1;29,8;27,9;19,7;18;59;53;53;26;5,3;2,5;
2025/03/22;1700 UTC;0;960;960,9;960;1662,8;29,7;18,6;30,4;29,2;19,1;18,3;54;49;52;43;6,6;2,9;
2025/03/22;1800 UTC;0;958,9;960;958,9;2047,8;31,7;17,7;32,8;29,6;19;17,6;52;41;43;58;5,3;2,5;
2025/03/22;1900 UTC;0;958,4;958,9;958,4;2100,2;32,4;17,9;33,1;31,3;18,1;17,3;44;40;42;36;6,8;2,9;
2025/03/22;2000 UTC;0;958,4;958,4;958,3;958,8;31,1;17,9;32,5;31,1;18,1;17,3;46;41;46;18;6,5;3,5;
2025/03/22;2100 UTC;0;958,8;958,8;958,4;163,4;27,1;18,8;31;27,1;19,3;17,9;60;46;60;338;8,2;4,9;
2025/03/22;2200 UTC;0;959,9;960;958,8;;25,9;19,3;27,1;25,9;19,3;18,7;67;60;67;23;8,9;5,4;
2025/03/22;2300 UTC;6,4;960,1;960,4;959,7;;23,2;21,3;25,9;22,5;21,5;19,6;92;67;89;21;12,5;1,7;
2025/03/23;0000 UTC;0;960,5;960,6;960,1;;23,6;20,4;24,2;23,2;21,4;20,1;89;78;83;336;7,6;2,9;
2025/03/23;0100 UTC;0;960,7;960,9;960,5;;23,9;20;24,1;23,6;20,5;20;83;78;79;326;4,5;1,8;
2025/03/23;0200 UTC;0;960,8;961,1;960,7;;23,2;20,7;24,2;23,2;20,7;19,7;85;76;85;218;3,8;1,1;
2025/03/23;0300 UTC;0;961,3;961,7;960,8;;23,4;20,6;23,4;23;21;20,4;87;83;85;181;8,8;1,4;
2025/03/23;0400 UTC;0;960,6;961,3;960,6;;23,7;21,4;23,7;23,3;21,5;20,6;88;84;87;152;2,6;,3;
2025/03/23;0500 UTC;3;960,9;961,3;960,6;;20,8;19;23,9;20,7;21,4;18,7;89;81;89;111;9,3;3,5;
2025/03/23;0600 UTC;,4;960,9;961;960,4;;20,6;20;20,7;20,3;20;18,9;96;89;96;14;6,9;1,5;
2025/03/23;0700 UTC;,8;961,6;961,6;960,9;;20,9;20,9;21;20,6;21;20,1;100;96;100;342;3,8;,8;
2025/03/23;0800 UTC;1,2;962,2;962,2;961,6;;21,5;;21,5;20,9;;;;;;101;4,9;,6;
2025/03/23;0900 UTC;2,2;962,4;962,6;962,2;,7;21,5;;21,7;21,2;;;;;;212;5;,7;
2025/03/23;1000 UTC;0;962,6;962,6;961,9;153,5;21,7;;21,9;21,3;;;;;;172;2,8;1,7;
2025/03/23;1100 UTC;0;963,2;963,2;962,6;554,7;22,6;22,4;22,7;21,4;;;;;99;206;3,9;,8;
2025/03/23;1200 UTC;0;963,4;963,5;963,2;1586,2;24,7;19,9;25,6;22,5;22,3;19,6;99;71;75;131;2,1;1,1;
2025/03/23;1300 UTC;0;963,3;963,4;963,2;3144,3;27,9;19,6;28,2;24,6;21,2;19,2;76;60;61;57;3,7;1,9;
2025/03/23;1400 UTC;0;962,8;963,3;962,8;2629,9;28;19,1;29,1;27;20,1;18,8;62;56;59;105;4,7;1,2;
2025/03/23;1500 UTC;0;961,9;962,8;961,9;2277,6;29,1;18,9;29,6;28;19,9;18,1;60;52;54;96;5,8;2,3;
2025/03/23;1600 UTC;0;960,7;961,9;960,7;3772,2;30,6;17,7;30,7;29,1;19,8;17,1;56;46;46;102;5,8;2,6;
2025/03/23;1700 UTC;0;959,4;960,7;959,4;3459,6;31,7;16,7;32,3;30,6;18,9;16,7;48;40;41;82;6,1;1,8;
2025/03/23;1800 UTC;0;958,6;959,4;958,6;2647,8;31,9;17,3;33,1;30,9;18,5;16,6;44;39;42;87;6,3;2,3;
2025/03/23;1900 UTC;0;958,3;958,6;958,3;1716;32;15,9;32,6;31,1;17,7;15,4;44;36;38;120;5,3;2,2;
2025/03/23;2000 UTC;0;958,2;958,3;958,1;1097,7;31,4;16,5;32,6;31,4;17,5;15;42;36;41;92;6,4;2;
2025/03/23;2100 UTC;0;958,7;958,7;958,2;44,9;28,7;18,9;31,4;28,7;18,9;16,7;56;41;56;32;4,9;1,6;
2025/03/23;2200 UTC;0;959;959;958,7;;26,4;19,8;28,6;26,4;20,2;19,2;68;56;67;20;2,2;1,4;
2025/03/23;2300 UTC;0;959,2;959,2;959;;26;19,6;26,5;26;20;19,3;68;66;68;6;3,1;2,2;
2025/03/24;0000 UTC;0;959,2;959,3;959,2;;25,1;19,7;26;25;20,1;19,4;74;67;72;8;3,1;1,8;
2025/03/24;0100 UTC;0;959,5;959,6;959,2;;25,5;20;25,9;25;20;19;73;66;71;327;5,1;2,7;
2025/03/24;0200 UTC;0;959,4;959,6;959,4;;25,3;20,1;25,5;25,3;20,2;20;73;71;73;325;6,9;3,8;
2025/03/24;0300 UTC;0;959,4;959,4;959,3;;24,9;20;25,3;24,9;20,1;20;75;73;75;343;6,9;3,1;
2025/03/24;0400 UTC;0;959,4;959,5;959,2;;23,4;21,4;24,9;23,4;21,4;19,9;88;75;88;150;5,5;1,3;
2025/03/24;0500 UTC;0;959,5;959,6;959,3;;22,5;21,7;23,4;22,5;21,7;21,4;96;88;96;184;2,3;1,2;
2025/03/24;0600 UTC;0;959,4;959,6;959,4;;22;22;22,5;22;22,1;21,6;100;96;100;252;2,7;,6;
2025/03/24;0700 UTC;0;959,8;959,8;959,3;;22;22;22,1;21,9;22,1;21,9;100;100;100;271;1,4;,8;
2025/03/24;0800 UTC;0;960,7;960,7;959,8;;23;22,1;23;22;22,7;22;100;95;95;356;2,9;,6;
2025/03/24;0900 UTC;0;961,1;961,2;960,6;2,3;22,9;22,2;23,2;22,9;22,2;21,9;96;94;96;250;1,6;,5;
2025/03/24;1000 UTC;0;961,9;961,9;961,1;273,4;24,3;22;24,3;22,9;22,6;21,7;97;86;87;254;2,3;1,2;
2025/03/24;1100 UTC;0;962,4;962,4;961,9;872,1;25,7;20,6;25,7;24,4;22,4;20;88;72;74;351;3,4;1,6;
2025/03/24;1200 UTC;0;962,4;962,6;962,4;1623,5;28,6;19,5;28,6;25,5;20,7;18,6;74;56;58;54;3,4;1,5;
2025/03/24;1300 UTC;0;962,2;962,4;962,1;2883,9;29,1;19,3;29,6;27,7;19,8;18,4;59;53;56;112;4,6;2,3;
2025/03/24;1400 UTC;0;961,4;962,2;961,4;2782,9;30,2;17,9;30,5;28,4;19,8;17,8;57;48;48;98;5,8;2,1;
2025/03/24;1500 UTC;0;960,6;961,4;960,6;2659,8;30,8;17,1;31,6;29,9;19,1;16,7;50;43;44;69;6,6;2,8;
2025/03/24;1600 UTC;0;959,4;960,5;959,4;2825,7;32,6;16,2;33;30,6;17,7;16,1;44;37;37;93;6,3;2,4;
2025/03/24;1700 UTC;0;958,3;959,4;958,3;3311,5;33,4;16,3;33,9;31,6;17,4;15,5;42;35;36;71;6,5;2,8;
2025/03/24;1800 UTC;0;957,8;958,3;957,7;2102,2;33,1;15;34;31,7;16,2;13,9;39;31;34;120;6,2;3;
2025/03/24;1900 UTC;0;957,9;957,9;957,7;2095,2;33,3;12,9;34,1;32,9;14,9;12,1;34;27;29;110;7,5;3,2;
2025/03/24;2000 UTC;0;958,2;958,2;957,8;1012,5;31,9;13,4;33,4;31,8;14;12,6;33;29;32;111;7,9;3;
2025/03/24;2100 UTC;0;958,6;958,6;958,2;217,8;30,4;14,7;32,1;30,4;14,7;12,6;38;31;38;115;5,6;2,1;
2025/03/24;2200 UTC;0;959;959;958,6;;28,8;15,8;30,4;28,8;15,9;14,6;45;38;45;105;4;1,7;
2025/03/24;2300 UTC;0;959,3;959,3;958,9;;25,6;17,8;28,8;25,6;18,1;15,9;63;45;62;4;3,3;2,1;
2025/03/25;0000 UTC;0;959,5;959,5;959,3;;25;17;25,6;24,7;17,8;16,9;64;60;61;12;3,1;2;
2025/03/25;0100 UTC;0;959,9;959,9;959,5;;24,8;16,7;25,2;24,3;17,3;16,5;65;59;61;10;3,6;1,6;
2025/03/25;0200 UTC;0;960,1;960,1;959,8;;25,2;16,8;25,7;24,3;17,1;16,4;64;57;60;20;4,3;2,4;
2025/03/25;0300 UTC;0;960,4;960,4;960,1;;22,9;17,8;25,6;22,9;17,8;16,6;73;58;73;164;4,9;2;
2025/03/25;0400 UTC;0;960,9;961;960,4;;21,7;19;22,9;21,6;19;17,8;85;73;85;240;3,8;1,1;
2025/03/25;0500 UTC;0;960,7;961;960,7;;21,2;19,4;21,7;21,2;19,5;18,9;89;85;89;318;1,7;,8;
2025/03/25;0600 UTC;0;960,5;960,7;960,4;;20,7;19,4;21,4;20,7;19,5;19,2;92;88;92;315;1,6;,4;
2025/03/25;0700 UTC;0;961,3;961,3;960,5;;20,9;19,6;21;20,4;19,6;19;93;90;92;342;2,3;,6;
2025/03/25;0800 UTC;0;961,5;961,5;961,2;;21,7;20;21,8;21;20,1;19,5;92;89;90;15;2,6;1,5;
2025/03/25;0900 UTC;0;962;962;961,5;6,4;20,6;19,7;21,9;20,6;20;19,6;95;89;95;211;2,7;1,7;
2025/03/25;1000 UTC;0;962,6;962,6;962;384,7;23,4;20,7;23,4;20,6;20,9;19,7;96;85;85;168;2,7;1,1;
2025/03/25;1100 UTC;0;963,1;963,1;962,6;1273,4;26,3;19,9;26,3;23,3;20,6;19,6;85;68;68;112;3;1,2;
2025/03/25;1200 UTC;0;963,2;963,3;963,1;2163;29,1;18,1;29,4;26,1;20,3;17,7;69;50;52;43;5,5;2,6;
2025/03/25;1300 UTC;0;963,1;963,3;963;2985,3;29,4;16,5;30,7;28,6;17,9;16,4;51;43;46;79;7,5;3,7;
2025/03/25;1400 UTC;0;962,2;963,1;962,2;3056,6;31,5;15,6;32,1;29,3;17,4;15,6;48;38;38;59;7,5;2,7;
2025/03/25;1500 UTC;0;961,1;962,2;961,1;3487;31,5;14,8;33,4;30;16,3;14,4;42;34;36;71;7,5;2,7;
2025/03/25;1600 UTC;0;960,2;961,1;960,1;3503,1;32,9;14,7;33,3;31,4;15,6;14,2;37;33;33;78;7,5;3,2;
2025/03/25;1700 UTC;0;959,2;960,2;959,2;3537,6;33,9;14,3;34,1;32;15,4;13,7;36;31;31;67;6,3;2,5;
2025/03/25;1800 UTC;0;958,7;959,2;958,7;2441,5;32,9;13,9;34,7;32,4;14,8;13,4;33;29;32;78;6,8;3,7;
2025/03/25;1900 UTC;0;958,2;958,7;958,2;1759,1;33,1;13,3;34,5;32,2;14,6;12,9;33;29;30;103;6,8;3;
2025/03/25;2000 UTC;0;958,3;958,3;958,1;753,5;32,5;13,7;33,2;32;14,1;13,2;33;30;32;106;6,6;3,6;
2025/03/25;2100 UTC;0;958,6;958,6;958,3;205,5;30,9;14,5;32,5;30,9;14,5;13,5;37;32;37;100;5,7;1,4;
2025/03/25;2200 UTC;0;958,9;958,9;958,5;;28,9;16,3;30,9;28,9;16,3;14,5;46;37;46;65;3,7;,9;
2025/03/25;2300 UTC;0;959,3;959,3;958,9;;26,8;16,9;28,9;26,8;17,5;16,3;56;47;55;14;3,4;1,8;
2025/03/26;0000 UTC;0;959,8;959,8;959,3;;26,7;18,2;27,1;26,7;18,2;16,5;60;52;60;348;6,8;3,8;
2025/03/26;0100 UTC;0;960,2;960,2;959,8;;26,2;18,5;26,7;26,1;18,5;18,2;63;60;63;347;6,6;3,3;
2025/03/26;0200 UTC;0;960,4;960,4;960,2;;25,1;18,4;26,2;25,1;18,5;18,4;67;63;67;320;5,9;1,2;
2025/03/26;0300 UTC;0;960,1;960,4;960,1;;24,6;18,4;25,2;24,6;18,5;18,4;68;66;68;186;3,4;1,1;
2025/03/26;0400 UTC;0;959,9;960,1;959,8;;23,8;18,7;24,6;23,6;19;18,3;74;68;73;149;2,2;1,3;
2025/03/26;0500 UTC;0;960;960,1;959,8;;22;19,6;23,8;22;19,7;18,7;86;73;86;234;4,7;,8;
2025/03/26;0600 UTC;0;960;960;959,8;;21,8;19,9;22;21,7;19,9;19,6;89;86;89;314;1,8;,7;
2025/03/26;0700 UTC;0;960;960;959,8;;22,2;19,9;22,2;21,5;20;19,7;90;87;87;347;2,5;1,3;
2025/03/26;0800 UTC;0;960,3;960,3;959,9;;21,8;19,8;22,5;21,8;19,9;19,7;89;85;89;291;2,5;,7;
2025/03/26;0900 UTC;0;960,7;960,7;960,3;5,8;21,1;20;21,8;21;20;19,7;94;89;94;322;1,5;,6;
2025/03/26;1000 UTC;0;961,4;961,4;960,7;389;25,1;19,4;25,1;21,1;21,3;19;94;71;71;153;1,6;,8;
2025/03/26;1100 UTC;0;962;962;961,4;1263,2;28,4;18,8;28,4;25,1;19,4;18,4;71;56;56;83;2;,7;
2025/03/26;1200 UTC;0;962,5;962,5;962;1947,3;28,2;18;29;27,6;18,9;17,5;56;52;54;69;4,1;1,8;
2025/03/26;1300 UTC;0;962,2;962,5;962,2;2516,5;30,9;17,8;31,1;27,8;19;17,3;56;45;46;18;4,7;2;
2025/03/26;1400 UTC;0;961,5;962,2;961,5;2571,4;30,8;17,8;31,3;29;18,5;17,3;51;44;46;74;5,5;2,7;
2025/03/26;1500 UTC;0;960,8;961,5;960,8;2747,8;31,2;17,5;32;30,5;18,1;17;46;42;44;81;5,6;2;
2025/03/26;1600 UTC;0;959,5;960,8;959,5;2886,3;32,2;17;33,4;31,1;18,1;16,8;45;39;40;84;5,9;2,1;
2025/03/26;1700 UTC;0;958,5;959,5;958,5;2613,6;35,2;16,5;35,2;31,3;17,7;16,1;43;33;33;34;6,3;3,3;
2025/03/26;1800 UTC;0;957,4;958,5;957,4;2457,6;33,9;15,1;35,2;32,5;16,4;15,1;38;32;33;91;7,1;2,5;
2025/03/26;1900 UTC;0;956,9;957,4;956,9;2031,4;33,8;15,2;34,5;33,3;15,8;14,7;34;32;33;63;6,6;2,7;
2025/03/26;2000 UTC;0;956,9;957;956,9;1102,7;33,2;15,7;34,2;33,2;15,9;15,2;35;32;35;76;5,5;2,9;
2025/03/26;2100 UTC;0;957,3;957,3;956,9;202,6;31,3;16,9;33,2;31,3;16,9;15,6;42;35;42;79;6,4;2,8;
2025/03/26;2200 UTC;0;958;958;957,3;;29,9;17,8;31,3;29,9;17,8;16,9;48;42;48;76;5,1;2,2;
2025/03/26;2300 UTC;0;958,5;958,5;957,9;;28;18,5;29,9;28;18,6;17,8;56;48;56;11;3,9;1,5;
2025/03/27;0000 UTC;0;958,9;959;958,5;;27,8;18,3;28;27,4;18,6;18;58;56;56;350;4,5;2,6;
2025/03/27;0100 UTC;0;959,6;959,6;958,9;;27,1;19,7;27,8;26,9;19,7;18,3;64;56;64;331;6,5;3,9;
2025/03/27;0200 UTC;0;959,6;959,7;959,5;;26,7;19,8;27,1;26,6;19,9;19,7;66;64;66;325;7;3;
2025/03/27;0300 UTC;0;959,4;959,6;959,4;;26,4;19,7;26,9;26,4;19,8;19,7;67;65;67;347;5,9;2,6;
2025/03/27;0400 UTC;0;959,6;959,8;959,4;;23,8;19,8;26,4;23,8;19,8;19,5;78;67;78;160;5,5;2,7;
2025/03/27;0500 UTC;0;959,1;959,6;959,1;;23,4;20,6;23,8;23,3;20,6;19,8;85;79;85;32;5,5;,7;
2025/03/27;0600 UTC;0;959;959,1;958,9;;23,5;20,1;23,5;22,9;20,9;20,1;87;81;81;140;2,4;1;
2025/03/27;0700 UTC;0;959,2;959,3;959;;23,6;19;23,7;22,5;20;19;84;75;76;112;3,8;1,9;
2025/03/27;0800 UTC;0;959,7;959,7;959,2;;22,8;19,3;23,6;22,8;19,4;19;81;76;80;63;3,8;,7;
2025/03/27;0900 UTC;0;960,4;960,5;959,7;8,8;23,5;18,7;23,5;22,8;19,6;18,5;81;74;75;107;2,2;1;
2025/03/27;1000 UTC;0;960,9;960,9;960,4;423,1;24,6;19,5;24,6;23,4;19,5;18,7;76;72;73;147;3,8;2,1;
2025/03/27;1100 UTC;0;961,6;961,6;960,8;1116,2;26,4;18,6;26,8;24,4;19,5;18,4;73;61;62;54;4;1,7;
2025/03/27;1200 UTC;0;962,1;962,1;961,6;1849,6;27,8;18,8;28,5;26,4;19,1;18;63;55;58;31;5,5;1,9;
2025/03/27;1300 UTC;0;961,6;962,1;961,6;2772,4;30,1;17;31,3;27,7;19,4;17;58;44;46;99;5,8;3,1;
2025/03/27;1400 UTC;0;960,8;961,6;960,8;3507,4;32,1;17;32,3;29,7;18,1;16,9;48;40;41;102;5,9;3;
2025/03/27;1500 UTC;0;959,6;960,8;959,6;3750,2;32,5;16,4;33,5;30,8;17,6;16,2;43;37;38;86;7,3;2,9;
2025/03/27;1600 UTC;0;958,4;959,6;958,4;3820,2;34,3;15,7;34,3;31,9;17,1;15,2;40;33;33;70;7,1;3,9;
2025/03/27;1700 UTC;0;957,4;958,4;957,4;3533,9;34,8;14,7;35,9;33;16,1;14,2;34;29;30;118;6,7;2,6;
2025/03/27;1800 UTC;0;956,6;957,4;956,6;1734,6;33,8;15,3;34,8;32,8;15,7;13,9;35;30;33;109;6,5;3,3;
2025/03/27;1900 UTC;0;956,2;956,6;956,2;1837;33,5;15;34,6;33,1;15,8;14;34;31;33;107;7,1;3,1;
2025/03/27;2000 UTC;0;955,8;956,2;955,7;1056,3;33;14,5;34,2;32,9;15,3;14,4;33;31;33;90;6,4;3,1;
2025/03/27;2100 UTC;0;956,1;956,1;955,8;160,6;31,4;15,4;33;31,4;15,5;13,9;38;32;38;79;6,3;2,5;
2025/03/27;2200 UTC;0;956,7;956,7;956,1;;28,7;16,7;31,4;28,7;16,7;15,4;48;38;48;7;4,6;1,2;
2025/03/27;2300 UTC;0;957,7;957,7;956,7;;26,9;17,1;28,7;26,9;17,5;16,6;56;48;55;1;2,5;,9;
2025/03/28;0000 UTC;0;958,3;958,3;957,7;;27,5;19;27,9;26,5;19;16,6;60;52;60;345;7,2;3,3;
2025/03/28;0100 UTC;0;959;959;958,3;;27,1;19,1;27,6;27,1;19,2;19;62;60;62;335;6,7;3,3;
2025/03/28;0200 UTC;0;959;959,2;958,9;;26,8;18,9;27,2;26,8;19,1;18,9;62;61;62;332;5,7;3,2;
2025/03/28;0300 UTC;0;958,8;959;958,7;;26,3;18,8;26,9;26,3;18,9;18,8;63;62;63;197;5,5;,7;
2025/03/28;0400 UTC;0;958,6;958,8;958,5;;24,3;18,8;26,3;24,2;19,5;18,8;75;63;72;186;4,5;2;
2025/03/28;0500 UTC;0;958,4;958,7;958,3;;23,6;18,7;24,3;23,6;18,8;18,5;74;72;74;15;3,9;,8;
2025/03/28;0600 UTC;0;958,3;958,5;958,2;;23,8;19;23,8;23,4;19,1;18,8;76;74;74;226;1,7;1,3;
2025/03/28;0700 UTC;0;958,1;958,4;958,1;;24,1;19,1;24,6;23,8;19,1;18,7;74;70;74;114;3,3;1,8;
2025/03/28;0800 UTC;0;958,8;958,8;958,1;;24,2;19,4;24,4;24;19,7;19;76;74;75;40;3,6;1,8;
2025/03/28;0900 UTC;0;959,2;959,2;958,8;;24,3;20,1;24,3;23,9;20,1;19,3;78;75;78;109;2,9;1,3;
2025/03/28;1000 UTC;0;960,2;960,2;959,2;71;24,5;20,3;24,5;24,3;20,4;20,1;79;77;78;77;2,9;1,5;
2025/03/28;1100 UTC;0;960,8;960,8;960,2;270,4;24,8;20,6;24,8;24,2;21,2;20,3;82;77;78;82;3,2;1,7;
2025/03/28;1200 UTC;0;961,2;961,2;960,8;795,3;26,2;20,8;26,2;24,8;20,9;20,4;78;72;72;104;3,8;1,9;
2025/03/28;1300 UTC;0;961,4;961,5;961,2;1396,4;27,3;19,8;27,7;26,2;20,8;19,7;72;63;64;79;6,1;2,4;
2025/03/28;1400 UTC;0;960,9;961,4;960,9;2113,6;29,2;19,6;29,2;27,3;20,1;18,9;64;55;56;77;5,5;2,7;
2025/03/28;1500 UTC;0;959,7;960,9;959,7;2850,8;29,2;19,3;31;29;20,4;18,6;56;50;55;66;6,2;3,3;
2025/03/28;1600 UTC;0;958,7;959,7;958,7;2234;30,4;19;31,9;29,1;20,2;18,7;56;47;51;64;5,6;2,6;
2025/03/28;1700 UTC;0;957,3;958,7;957,3;2783;32,2;18;33;30,4;19;17,8;51;42;43;81;5,9;3;
2025/03/28;1800 UTC;,4;956,2;957,3;956,2;1831,4;29;19,7;33,6;28,8;21,7;17;66;39;57;25;6,5;2,3;
2025/03/28;1900 UTC;0;955,9;956,2;955,7;1765,8;32,3;16,2;33,4;29;20,8;16;60;37;38;68;5,6;2,8;
2025/03/28;2000 UTC;0;955,9;956;955,8;948,2;32,6;14,1;33,1;32,1;16,5;14,1;39;33;33;71;5,6;2,6;
2025/03/28;2100 UTC;0;956,3;956,3;955,9;173,2;29,9;17,2;32,7;29,8;17,2;14,3;47;33;47;22;5,6;1,9;
2025/03/28;2200 UTC;0;956,8;956,8;956,3;;27,2;18;29,9;27,2;18,1;17,3;58;47;57;21;3,2;1,6;
2025/03/28;2300 UTC;0;957,5;957,5;956,8;;26,6;19,1;27,3;26,6;19,1;17,9;63;57;63;18;3,1;1,6;
2025/03/29;0000 UTC;0;958,1;958,1;957,5;;25,6;18,9;26,6;25,4;19,2;18,6;67;63;66;356;2,7;1,1;
2025/03/29;0100 UTC;0;958,8;958,8;958,1;;25,3;19;25,6;24,9;19,2;18,8;69;66;68;349;2,7;1,2;
2025/03/29;0200 UTC;0;958,9;959;958,8;;25,1;19,2;25,4;23,9;19,5;18,7;74;68;70;270;2,7;,7;
2025/03/29;0300 UTC;0;958,8;958,9;958,7;;22,9;19,7;25,3;22,9;19,9;18,5;82;69;82;186;2,5;1,4;
2025/03/29;0400 UTC;0;959;959;958,8;;22,5;20,2;22,9;22;20,4;19,6;89;82;87;277;2,4;,8;
2025/03/29;0500 UTC;0;958,8;959;958,8;;21,9;20,1;22,5;21,8;20,5;19,7;89;87;89;161;1,5;,8;
2025/03/29;0600 UTC;0;959,2;959,2;958,8;;21,5;20,2;22;21,2;20,5;19,7;93;89;92;66;1,5;,7;
2025/03/29;0700 UTC;0;959,1;959,3;959,1;;21,6;20,1;21,8;21,4;20,4;20,1;93;91;91;60;2,5;,6;
2025/03/29;0800 UTC;0;959;959,1;958,7;;22,5;20,4;22,5;21,5;20,6;20;92;88;88;92;2,3;1,1;
2025/03/29;0900 UTC;0;960;960;959;5,1;21,8;20,3;22,9;21,8;20,3;19,9;91;84;91;166;3,5;1,3;
2025/03/29;1000 UTC;0;960,5;960,6;960;306,4;23,6;20,3;23,6;21,8;20,7;20,2;92;82;82;169;2,3;1,1;
2025/03/29;1100 UTC;0;961;961;960,5;1277,7;26,5;19,4;26,8;23,4;20,8;19,2;83;64;65;173;2,9;1,1;
2025/03/29;1200 UTC;0;961,5;961,5;961;1225,5;27,9;18,9;28;26,5;19,8;18,6;65;58;58;100;3,8;1,6;
2025/03/29;1300 UTC;0;961,2;961,6;961,1;2981,9;30;17,3;30,9;27,8;19,1;17,3;58;46;47;86;6,4;3,5;
2025/03/29;1400 UTC;0;960,4;961,2;960,4;3360,3;32,2;16,8;32,8;29,5;18,2;16,5;48;40;40;71;6,4;2,8;
2025/03/29;1500 UTC;0;959,3;960,4;959,3;3160;32,1;15,7;32,9;30,9;17,4;15,7;43;37;37;66;6;2,3;
2025/03/29;1600 UTC;0;958;959,3;958;2762,6;33,7;15,2;33,7;31,3;16,3;14,1;39;33;33;101;6,4;2;
2025/03/29;1700 UTC;0;956,8;958;956,8;2849,5;33,9;14,1;34,5;32,2;15,1;13,8;35;30;30;96;7;2,8;
2025/03/29;1800 UTC;0;956;956,8;956;2352,4;34;14,3;35,3;32,7;14,9;13,5;32;29;31;94;7,4;3;
2025/03/29;1900 UTC;0;955,7;956;955,7;1457,1;33,7;13,9;34,6;32,5;14,2;12,6;32;28;30;90;8;2,4;
2025/03/29;2000 UTC;0;955,6;955,7;955,5;1159,8;33,2;11;34,2;33,1;13,8;10,9;30;25;26;85;6,6;3,7;
2025/03/29;2100 UTC;0;955,9;956;955,6;129,2;31;14;33,2;31;14;10,7;36;25;36;69;5,9;3,1;
2025/03/29;2200 UTC;0;956,8;956,8;955,9;;29;15,3;31;28,9;15,3;14;44;36;43;50;5,6;2,5;
2025/03/29;2300 UTC;0;957,4;957,4;956,8;;28;15,4;29;28;15,4;15,2;46;43;46;49;3,9;2,5;
2025/03/30;0000 UTC;0;958,1;958,1;957,4;;28,2;15,8;28,2;27,3;15,9;15,2;49;46;47;16;3,5;1,9;
2025/03/30;0100 UTC;0;958,5;958,5;958,1;;27,3;18,2;28,4;27,3;18,2;15,8;57;46;57;341;5,6;3,5;
2025/03/30;0200 UTC;0;959;959;958,4;;26,6;19,4;27,4;26,6;19,4;18,1;65;57;65;354;6,5;1,5;
2025/03/30;0300 UTC;0;958,9;959,1;958,8;;26,1;19,6;26,7;26;19,8;19,4;68;65;67;14;4,3;1,3;
2025/03/30;0400 UTC;0;958,6;958,9;958,6;;24,7;19,8;26,1;24,6;19,8;19,5;75;67;74;160;3;1,3;
2025/03/30;0500 UTC;0;958,4;958,6;958,4;;24,1;17,8;24,6;23,9;19,8;17,8;77;68;68;187;3,7;1,7;
2025/03/30;0600 UTC;0;958,5;958,6;958,4;;23,7;18,3;24,1;23,6;18,3;17,7;72;68;72;291;3;1,2;
2025/03/30;0700 UTC;0;958,5;958,6;958,3;;24,4;18,8;24,4;23,7;18,8;18,3;73;71;71;222;2;,2;
2025/03/30;0800 UTC;10;959,1;959,1;958,5;;22,4;21,7;24,6;22,4;22,1;18,7;97;70;96;69;4,7;1,3;
2025/03/30;0900 UTC;,4;959,6;959,6;959,1;1,3;23,1;23,1;23,2;22,4;23,1;21,8;100;96;100;38;3;,2;
2025/03/30;1000 UTC;0;960,5;960,5;959,6;69,5;23,1;21,2;23,4;23;23,2;21,2;100;89;90;75;6,2;3,2;
2025/03/30;1100 UTC;0;961;961;960,5;388,2;23,6;21,1;23,9;22,8;22;21;92;86;86;84;6,9;2,2;
2025/03/30;1200 UTC;0;961,7;961,7;961;1059,6;24,7;20,2;25,1;23,5;21,5;20,1;88;75;76;118;5;1,2;
2025/03/30;1300 UTC;0;961,4;961,8;961,4;2281,2;27,8;17,5;28;24,6;21,4;17,5;80;54;54;109;4,6;2,5;
2025/03/30;1400 UTC;0;960,7;961,4;960,7;3268,9;29,9;17,9;30;27,8;18,7;17,4;54;48;49;85;6,5;2,1;
2025/03/30;1500 UTC;0;959,8;960,7;959,8;3191,3;31,2;18;31,3;29;19,4;17,3;52;45;45;92;5,9;2,9;
2025/03/30;1600 UTC;0;958,6;959,7;958,6;3168;31,4;17,7;31,8;30;18,5;17;48;43;44;64;5,9;3,1;
2025/03/30;1700 UTC;0;957,3;958,6;957,3;3564,4;32,4;16,5;32,8;31,3;18,4;16,5;45;38;39;83;7,1;3,1;
2025/03/30;1800 UTC;0;956,6;957,3;956,6;2702,5;32,4;16,6;33;32,1;17,4;16,1;41;37;39;79;7,4;3,8;
2025/03/30;1900 UTC;0;956,6;956,6;956,5;1991,9;32;16,2;33;32;17,1;15,7;40;37;39;74;7,6;4,3;
2025/03/30;2000 UTC;0;956,6;956,7;956,5;1029,3;31,1;16,1;32,4;31,1;17;15,8;41;38;40;71;7,8;3,6;
2025/03/30;2100 UTC;0;956,9;956,9;956,6;173,8;29,5;16,6;31,2;29,5;16,6;15,7;46;40;46;71;7,1;2,6;
2025/03/30;2200 UTC;0;957,2;957,2;956,9;;27,3;17,8;29,5;27,3;18;16,5;57;46;56;32;5;1,8;
2025/03/30;2300 UTC;0;957,8;957,8;957,2;;26,1;18,5;27,3;25,9;19,2;17,8;66;56;63;13;2,8;1,9;
2025/03/31;0000 UTC;0;958,3;958,3;957,8;;25,3;18,3;26,1;25,2;18,6;18;66;61;65;4;2,7;2;
2025/03/31;0100 UTC;0;958,4;958,5;958,2;;24,7;18,4;25,3;24,3;19,3;17,8;72;64;68;31;2,9;,5;
2025/03/31;0200 UTC;0;958,2;958,5;958,2;;23,6;19,6;24,7;23,3;20,8;18,5;86;68;78;39;1,6;,9;
2025/03/31;0300 UTC;0;958,2;958,2;958,1;;22,3;21,2;23,6;22,2;21,2;18,8;93;75;93;171;2,4;1,1;
2025/03/31;0400 UTC;0;958,4;958,6;958,2;;22,2;20,2;22,3;21,9;21,2;20,1;93;88;88;328;3,2;,8;
2025/03/31;0500 UTC;0;958,2;958,4;958,2;;22,3;19,8;22,4;21,9;20,3;19,8;90;85;86;103;1,9;,3;
2025/03/31;0600 UTC;0;958,3;958,3;958,2;;22,6;19,2;22,8;22;19,9;18,7;87;78;81;38;2,1;,9;
2025/03/31;0700 UTC;0;958,7;958,7;958,3;;22,1;19,3;22,6;21,8;19,5;19;86;80;84;85;1,6;,7;
2025/03/31;0800 UTC;0;959,5;959,5;958,7;;21,8;19,5;22,8;21,8;19,6;19,2;87;80;87;144;2,6;,5;
2025/03/31;0900 UTC;0;960,3;960,3;959,5;3,5;22,9;19,9;22,9;21,8;20;19,5;88;83;83;121;3;1,3;
2025/03/31;1000 UTC;0;961,2;961,2;960,3;180;23,3;19,4;23,3;22,9;20,2;19,2;84;78;79;156;5,6;3;
2025/03/31;1100 UTC;0;962;962;961,2;396,6;23,8;18,4;24;23,3;19,3;18,3;79;71;72;151;6,8;3,4;
2025/03/31;1200 UTC;0;962,7;962,7;962;491,7;24,7;18,4;24,7;23,8;18,7;18,1;72;67;68;153;6,8;3;
2025/03/31;1300 UTC;0;962,5;962,8;962,5;1132,7;26,7;18,3;26,8;24,7;18,9;18;68;60;60;145;5,5;2,7;
2025/03/31;1400 UTC;0;961,6;962,5;961,6;3002,5;28,9;17,2;29,7;26,7;18,7;17,2;60;48;49;116;6,4;2,2;
2025/03/31;1500 UTC;0;960,7;961,6;960,7;2279,3;30,8;15,7;31,1;28,9;17,9;15,3;51;40;40;143;7,4;2,2;
2025/03/31;1600 UTC;0;959,4;960,7;959,4;3226;31,7;13,8;32,3;30,1;15,9;13,3;41;33;34;141;8;3,4;
2025/03/31;1700 UTC;0;958,4;959,4;958,4;2890,7;33;14,1;33,4;31,6;14,7;13,9;35;31;32;103;8,6;3,4;
2025/03/31;1800 UTC;0;957,9;958,5;957,9;1817,6;32,7;13,7;33,4;32,2;14,3;13,3;33;31;32;134;7,9;3;
2025/03/31;1900 UTC;0;957,6;957,9;957,5;1919,1;33,6;12,9;34;32,6;13,9;12,2;32;28;29;136;7,9;2,7;
2025/03/31;2000 UTC;0;957,6;957,6;957,5;811,7;32,6;11,7;33,7;32,5;13,2;11,6;30;28;28;123;6,8;2,3;
2025/03/31;2100 UTC;0;958,2;958,2;957,6;207,2;30,4;13,9;32,7;30,4;13,9;11,7;37;28;37;55;5,5;1,8;
2025/03/31;2200 UTC;0;958,8;958,8;958,1;;28,1;15,2;30,4;28,1;15,2;13,9;45;37;45;45;3,2;2;
2025/03/31;2300 UTC;0;959,5;959,5;958,8;;26,4;16,1;28,1;26,4;16,2;15,1;53;45;53;29;2,9;1,4;
2025/04/01;0000 UTC;0;960;960;959,5;;25;16,9;26,4;25;16,9;15,5;61;51;61;351;2,8;1,4;
2025/04/01;0100 UTC;0;960,3;960,3;960;;24,7;17,7;25,6;24,7;18,1;15,9;66;55;65;55;2,5;,5;
2025/04/01;0200 UTC;0;961;961;960,3;;26,2;16,1;26,4;24;18,3;16;70;53;54;86;3,6;1,2;
2025/04/01;0300 UTC;0;960,5;961;960,5;;24,6;16,7;26,2;24,6;16,7;16;61;54;61;166;2,7;,6;
2025/04/01;0400 UTC;0;960,2;960,5;960,2;;23,7;17,5;25,2;23,7;17,5;16,5;68;59;68;25;2,6;1,3;
2025/04/01;0500 UTC;0;959,9;960,2;959,9;;24,4;17,8;24,7;23,2;18,3;17,3;72;67;67;77;4,4;1,5;
2025/04/01;0600 UTC;0;959,9;960;959,8;;24,9;19,8;25,1;24,2;19,8;17,8;73;67;73;109;4,8;2,1;
2025/04/01;0700 UTC;0;960,1;960,1;959,9;;24,5;20;24,9;24,5;20,1;19,8;76;73;76;102;4,8;1,9;
2025/04/01;0800 UTC;0;960,5;960,5;960,1;;24,1;20,2;24,6;24,1;20,3;20;79;76;79;128;4;1,6;
2025/04/01;0900 UTC;0;961,1;961,1;960,5;3,4;23,6;20,4;24,1;23,6;20,4;20,2;82;79;82;110;3,7;1,3;
2025/04/01;1000 UTC;0;961,7;961,7;961,1;408,7;25;19,9;25,3;23,6;20,6;19,8;82;73;73;118;5,4;2,6;
2025/04/01;1100 UTC;0;962,1;962,1;961,7;1197,7;26,3;19,5;26,6;24,8;20,2;19,2;75;65;66;109;7,8;3,6;
2025/04/01;1200 UTC;0;962,2;962,3;962,1;1875,7;26,9;18,6;27,5;26,2;19,8;18,4;66;59;61;126;8,1;3,6;
2025/04/01;1300 UTC;0;961,9;962,2;961,8;2683,7;29,2;15,5;29,6;26,8;18,8;15,3;61;43;43;121;11;4,9;
2025/04/01;1400 UTC;0;961;961,9;961;3452,5;31,5;12,8;31,6;28,9;16,2;12,4;45;32;32;135;10,6;4,8;
2025/04/01;1500 UTC;0;960;961;959,9;3609,4;31,5;12,4;32,5;30,8;13,1;11,7;33;30;31;118;10,6;5,2;
2025/04/01;1600 UTC;0;958,8;960;958,8;3404,6;32,3;13,8;33,7;31,3;14,6;12,5;33;31;33;124;10,6;3,8;
2025/04/01;1700 UTC;0;958;958,8;958;2909,2;32,5;13,2;33,8;32;14;12,2;33;29;31;118;9,9;5,3;
2025/04/01;1800 UTC;0;957,3;958;957,3;2153,8;32,6;11,9;33,6;32,5;13,9;11,9;32;28;28;116;9,9;4,4;
2025/04/01;1900 UTC;0;957;957,3;957;1822;33,2;12,3;33,8;32,5;12,9;11,4;30;26;28;118;9,4;3,7;
2025/04/01;2000 UTC;0;957,2;957,2;956,9;1033,6;32,7;11,3;33,4;32,7;12,2;11;28;26;27;136;8,8;3,9;
2025/04/01;2100 UTC;0;957,5;957,5;957,1;203,7;31,3;11,2;32,6;31,3;11,9;10,9;29;27;29;121;8,8;3,4;
2025/04/01;2200 UTC;0;958;958;957,5;;29,8;12,2;31,3;29,8;12,2;11,2;34;29;34;109;6,4;1,4;
2025/04/01;2300 UTC;0;958,6;958,6;958;;28,8;12,6;29,8;28,8;13;12,2;37;34;37;96;3,1;1,2;
2025/04/02;0000 UTC;0;959,4;959,4;958,6;;26,5;13,7;28,8;25,9;14,8;12,7;50;37;45;127;2,4;1,1;
2025/04/02;0100 UTC;0;960;960;959,3;;27;13,6;27,2;26,4;13,9;13,4;45;43;44;142;4;2;
2025/04/02;0200 UTC;0;960,4;960,4;960;;27,2;13,5;27,6;26,9;13,7;13,3;44;41;43;112;5,8;2,3;
2025/04/02;0300 UTC;0;960,4;960,6;960,3;;26,2;14,6;27,2;25,9;14,6;13,5;49;43;49;104;5,8;2,8;
2025/04/02;0400 UTC;0;959,8;960,4;959,8;;26,1;15,9;26,4;26,1;15,9;14,7;53;49;53;121;6,3;2,4;
2025/04/02;0500 UTC;0;959,8;959,8;959,6;;25,8;16,7;26,2;25,8;16,8;15,9;57;53;57;135;6,6;3,5;
2025/04/02;0600 UTC;0;959,9;959,9;959,6;;25,2;16,6;25,8;25,2;16,6;16,4;59;56;59;154;6,6;2,4;
2025/04/02;0700 UTC;0;960,2;960,2;959,9;;24,7;16,9;25,2;24,7;16,9;16,6;62;59;62;147;6;2,7;
2025/04/02;0800 UTC;0;960,1;960,2;960;;24,3;17,4;24,7;24,3;17,4;16,8;65;62;65;139;6,4;2,5;
2025/04/02;0900 UTC;0;960,8;960,8;960,1;,7;24,2;17,6;24,3;24,2;17,7;17,4;67;65;67;147;5,5;2,9;
2025/04/02;1000 UTC;0;961,4;961,4;960,8;127,6;24,3;18,1;24,4;24,2;18,1;17,7;69;67;68;143;5,5;3,2;
2025/04/02;1100 UTC;0;962,1;962,1;961,4;406,4;24,6;18,4;25,1;24,3;18,6;18,1;69;67;68;147;7,2;3,4;
2025/04/02;1200 UTC;0;962,4;962,4;962,1;541,9;24,9;18,5;25,3;24,6;18,7;18,3;69;66;67;146;7,1;3,7;
2025/04/02;1300 UTC;0;962,2;962,4;962,1;880,6;25,6;18,6;26,1;24,4;19,7;18,5;74;64;65;157;6,8;3,9;
2025/04/02;1400 UTC;0;961,7;962,2;961,7;862,8;26,9;18,3;27,1;25,4;19;18,3;66;59;59;131;6,7;2,5;
2025/04/02;1500 UTC;,4;960,7;961,7;960,7;728;27;19,1;27,1;25,3;21;18,4;77;59;62;112;6;2,7;
2025/04/02;1600 UTC;0;959,8;960,7;959,5;2305,6;27;19,6;30,2;27;19,9;18,1;64;50;64;98;8,9;4,4;
2025/04/02;1700 UTC;0;958,2;959,8;958,2;2813,4;30,1;18,8;30,8;25,9;21;18,3;74;49;51;152;8,9;2,5;
2025/04/02;1800 UTC;0;957,4;958,2;957,3;2476,4;31,1;17,2;32;29,9;19,2;17;51;41;44;131;8,3;3,5;
2025/04/02;1900 UTC;1,4;957,2;957,5;957,1;971,9;27,6;20,5;31,1;27,6;21,8;17,4;68;44;65;53;7,8;3,9;
2025/04/02;2000 UTC;,8;957,2;957,4;957,1;277,4;26,5;21,4;27,9;25,2;22,9;20,1;85;65;73;22;8,2;2,8;
2025/04/02;2100 UTC;0;957,9;957,9;957,2;63,9;26,6;21,1;26,8;26,5;21,5;20,8;74;70;72;33;4,4;2,8;
2025/04/02;2200 UTC;,2;959,1;959,4;957,9;1,7;23,7;19,6;27,2;23,7;21,2;18,8;78;66;78;257;8,7;1,6;
2025/04/02;2300 UTC;0;959,5;959,5;959,1;;24;21,7;24;23,4;21,9;19,6;89;78;87;334;3,4;2,1;
2025/04/03;0000 UTC;0;959,7;959,8;959,5;;24,1;21,7;24,2;24;21,9;21,4;87;85;86;52;3,9;,7;
2025/04/03;0100 UTC;0;960,2;960,2;959,7;;23,5;21,8;24,1;23,4;22,1;21,5;91;85;90;276;1,9;,4;
2025/04/03;0200 UTC;0;960,4;960,5;960,2;;23,3;22,1;23,6;23,2;22,4;21,1;95;87;93;174;1,6;,6;
2025/04/03;0300 UTC;0;960,2;960,5;960,2;;22,9;22,3;23,3;22,9;22,4;22;97;93;97;89;1,6;,3;
2025/04/03;0400 UTC;0;959,7;960,2;959,7;;23;22,9;23;22,7;23;22,4;100;97;100;6;1,2;,3;
2025/04/03;0500 UTC;0;959,4;959,7;959,4;;23,1;23,1;23,1;22,9;23,1;22,8;100;99;100;123;1,6;,9;
2025/04/03;0600 UTC;0;959,4;959,5;959,2;;23,6;21,5;23,7;23,1;23,3;21,5;100;88;88;67;3,2;1,9;
2025/04/03;0700 UTC;0;959,5;959,6;959,4;;23,3;21,7;23,6;23,3;21,7;21,4;91;88;91;101;3,4;1;
2025/04/03;0800 UTC;0;959,9;959,9;959,5;;23,4;21,8;23,4;23,2;21,9;21,6;92;90;91;105;3,4;1,2;
2025/04/03;0900 UTC;0;960,6;960,6;959,9;2,9;23,5;21,1;23,5;23,4;21,9;21;92;86;87;137;3,7;2,1;
2025/04/03;1000 UTC;0;961,1;961,1;960,6;335,3;23,4;19,2;23,5;23,2;21,5;19,2;90;77;77;143;5;3;
2025/04/03;1100 UTC;0;961,6;961,6;961,1;1187;24,6;19,5;25,7;23,4;20,1;19,1;79;69;73;151;5,6;2,9;
2025/04/03;1200 UTC;0;961,9;961,9;961,6;1511,6;26,2;18,1;27,1;24,4;19,9;18,1;75;60;61;134;6,9;3,1;
2025/04/03;1300 UTC;0;961,6;961,9;961,6;2741,6;27,9;16,7;28,7;26,1;18,5;15,8;62;48;51;122;6,9;3,4;
2025/04/03;1400 UTC;0;960,8;961,7;960,8;3369,7;29,9;15,8;30,4;27,9;17;15,6;51;42;43;111;8,2;3,8;
2025/04/03;1500 UTC;0;959,6;960,8;959,6;3100,6;31,2;14,5;31,3;29,4;16;14,2;44;36;36;173;8,2;3;
2025/04/03;1600 UTC;0;958,7;959,7;958,7;3352,7;32;12,7;32,5;30,6;14,7;11,7;37;29;31;140;8,2;3,7;
2025/04/03;1700 UTC;0;957,9;958,7;957,6;3241,1;33,2;13,3;33,7;31,7;13,8;11,2;32;27;30;163;9,5;3,4;
2025/04/03;1800 UTC;0;957;957,9;956,9;2696,2;34,1;12;34,1;32,7;13,4;11,4;30;26;26;126;9,5;3,3;
2025/04/03;1900 UTC;0;956,7;957;956,7;2069,8;34,2;11,2;34,7;33,3;12,1;10,6;27;24;25;115;7,4;2,7;
2025/04/03;2000 UTC;0;957;957;956,7;634,8;32,8;11,7;34,2;32,7;11,9;10,7;28;24;28;127;6,4;2,2;
2025/04/03;2100 UTC;0;957,1;957,1;957;203,2;31;12,7;32,9;31;12,9;10,3;33;25;33;61;4,6;2,6;
2025/04/03;2200 UTC;0;957,5;957,5;957,1;;28;14,2;31;28;14,2;12,6;43;33;43;38;4,2;2;
2025/04/03;2300 UTC;0;958,2;958,2;957,5;;27,3;14,4;28;27,2;14,5;13,8;45;42;45;33;3;2,1;
2025/04/04;0000 UTC;0;959,1;959,1;958,2;;25,4;16;27,3;25,4;16;14,3;56;45;56;9;2,9;1,5;
2025/04/04;0100 UTC;0;959,7;959,7;959,1;;24;16,3;25,4;24;17,2;16;64;56;62;235;2,1;1,2;
2025/04/04;0200 UTC;0;960,1;960,1;959,7;;22,8;16,8;24;22,7;17;16,1;70;61;69;42;1,5;,6;
2025/04/04;0300 UTC;0;960,2;960,3;960;;22,1;16,7;22,9;22;17,5;16,6;76;68;72;264;1,7;1;
2025/04/04;0400 UTC;0;960;960,3;960;;23,8;16,1;23,8;22,1;17,3;16,1;72;62;62;79;3,5;1,8;
2025/04/04;0500 UTC;0;959,5;960;959,5;;23,2;15,4;24,3;22,9;16,1;15,4;65;59;62;54;3,5;1,3;
2025/04/04;0600 UTC;0;959,6;959,6;959,3;;22,3;15,1;24,5;22,3;15,6;15,1;64;57;64;190;3,5;,3;
2025/04/04;0700 UTC;0;959,8;959,9;959,6;;22,7;16;22,8;21,7;16,2;15;70;64;66;93;2,7;1,3;
2025/04/04;0800 UTC;0;960,3;960,3;959,7;;21,1;16,8;22,7;21;16,9;15,8;77;66;77;30;2,5;1,6;
2025/04/04;0900 UTC;0;960,8;960,8;960,3;5,5;21,3;17,1;21,6;20,8;17,4;16,8;79;76;77;53;2,9;,6;
2025/04/04;1000 UTC;0;961,6;961,6;960,8;299,6;23,5;17,7;23,7;21,3;18;17,1;78;68;70;95;3,6;1,8;
2025/04/04;1100 UTC;0;962,3;962,3;961,6;888,6;24,6;18,5;24,6;23,6;18,5;17,6;70;67;69;100;5,7;3,2;
2025/04/04;1200 UTC;0;962,7;962,7;962,3;1528;27;18,5;27,2;24,6;18,9;18,1;69;60;60;85;6,6;3,2;
2025/04/04;1300 UTC;0;962,4;962,7;962,4;2731,3;29;17,4;29,4;26,3;18,8;17,4;61;50;50;60;7,9;4,1;
2025/04/04;1400 UTC;0;961,5;962,4;961,5;3315;29,8;16,7;30,4;28,4;18;16,5;52;44;45;118;8;3;
2025/04/04;1500 UTC;0;960,5;961,5;960,5;3591,3;31,5;15,6;32,8;29,4;17,2;15,2;46;36;38;70;7,3;3,8;
2025/04/04;1600 UTC;0;959,6;960,5;959,6;3801,8;32,8;15,8;33,4;31,4;16,3;14,4;40;34;36;75;7,3;3;
2025/04/04;1700 UTC;0;958,8;959,6;958,8;3568,2;33,9;14;34,9;32,5;16,1;13,5;36;30;30;109;7,3;2,4;
2025/04/04;1800 UTC;0;958,2;958,8;958,2;1967,7;33,8;12,8;34,6;32,7;14,7;12,8;32;28;28;86;6,8;3,6;
2025/04/04;1900 UTC;0;958,2;958,2;958;1394,3;34,1;10,9;34,4;32,8;13,2;10,7;30;24;24;79;8,7;4,2;
2025/04/04;2000 UTC;0;958,8;958,8;958,2;1079;33,2;10,4;34,3;33,2;11;10,1;26;24;25;101;8,7;2,6;
2025/04/04;2100 UTC;0;959,2;959,2;958,8;100,9;30,8;13,9;33,2;30,7;13,9;10,4;36;25;36;54;6,2;2,5;
2025/04/04;2200 UTC;0;960,1;960,1;959,2;;27,9;14;30,8;27,9;14,6;13,9;43;36;43;32;3,9;2,2;
2025/04/04;2300 UTC;0;961;961;960,1;;27,5;13,8;27,9;26,8;14;13,1;43;41;43;17;5,6;3,4;
2025/04/05;0000 UTC;0;961,3;961,4;961;;26,8;18,2;27,5;26,7;18,2;14;60;43;59;14;5,6;3;
2025/04/05;0100 UTC;0;961,3;961,4;961,3;;26,1;17,6;27;26,1;18,2;17,5;60;57;60;7;5;2;
2025/04/05;0200 UTC;0;961,4;961,5;961,3;;26,5;16,8;26,7;25,8;17,7;16,8;61;55;55;9;6,4;3,6;
2025/04/05;0300 UTC;0;961,4;961,5;961,4;;25,2;16,5;26,5;25,1;16,8;16,4;59;55;59;38;5,6;1;
2025/04/05;0400 UTC;0;961;961,4;960,9;;22,1;17,2;25,2;22,1;17,6;16,4;74;59;74;212;2,2;1,3;
2025/04/05;0500 UTC;0;960,8;961;960,8;;21,3;18,1;22,1;21,3;18,3;17,2;82;74;82;205;2,4;,8;
2025/04/05;0600 UTC;0;960,9;961;960,8;;21,5;18,2;21,7;21,3;18,6;18;83;81;82;39;1,7;,4;
2025/04/05;0700 UTC;0;961,2;961,3;960,8;;22,1;18,1;22,1;21,2;18,4;18,1;84;78;78;20;4,1;2,1;
2025/04/05;0800 UTC;0;961,3;961,4;961,2;;21,8;18;22,6;21,8;18,3;17,9;79;76;79;285;3,8;,7;
2025/04/05;0900 UTC;0;962,1;962,2;961,2;5,9;21,1;18,1;21,8;21,1;18,1;17,8;83;79;83;242;2,1;1,2;
2025/04/05;1000 UTC;0;963,1;963,1;962,1;304,5;23;17,9;23,1;21,1;18,6;17,7;83;72;73;152;2,5;1,4;
2025/04/05;1100 UTC;0;963,3;963,3;963,1;607,4;24,4;18,3;24,4;23;18,3;17,4;73;69;69;111;3;1,2;
2025/04/05;1200 UTC;0;963,6;963,7;963,3;1435,5;27,2;18,1;27,2;24,4;18,5;17,9;69;58;58;105;3;1,5;
2025/04/05;1300 UTC;0;963,4;963,6;963,3;2859,5;30;18,2;30,2;27,1;18,9;17,8;58;49;49;92;6,1;3,4;
2025/04/05;1400 UTC;0;962,5;963,4;962,5;3011,6;31,5;17,7;31,5;29,4;18,5;17,3;50;43;44;69;9;4,4;
2025/04/05;1500 UTC;0;961,5;962,5;961,5;3439,4;32,7;16,6;33,1;31,1;18,3;16;45;37;38;88;9,1;3,8;
2025/04/05;1600 UTC;0;960,7;961,5;960,7;3012,2;33,2;14,4;34,7;31,3;16,7;14,3;40;31;32;122;7,1;2,9;
2025/04/05;1700 UTC;0;959,6;960,7;959,6;2396,7;33,6;13,7;34,4;32,7;15,2;12,5;34;28;30;122;7,2;2,9;
2025/04/05;1800 UTC;0;958,8;959,6;958,8;2110,4;33,9;12,7;34,8;33,3;14,3;12,7;31;27;28;106;7,1;2,2;
2025/04/05;1900 UTC;0;959;959;958,7;1249,6;33,5;13,4;35,2;33,3;13,9;12,8;30;27;30;131;8,4;3,1;
2025/04/05;2000 UTC;0;959,1;959,1;958,9;468;32,9;13;33,5;32,9;13,6;13;31;29;30;143;7;2,9;
2025/04/05;2100 UTC;0;959,3;959,3;959,1;47;31,8;11,9;33;31,8;13,1;11,9;30;30;30;139;7;2,7;
2025/04/05;2200 UTC;0;959,6;959,6;959,3;;30,8;11,6;31,8;30,8;12;11,5;31;30;31;108;4,9;1,1;
2025/04/05;2300 UTC;0;960;960,1;959,6;;29;12,6;30,8;29;13;11,5;37;31;36;1;2,3;,8;
2025/04/06;0000 UTC;0;960,4;960,4;959,9;;29;13,4;29;28,2;14,5;12,7;43;36;38;41;2,2;1,2;
2025/04/06;0100 UTC;0;961,1;961,1;960,4;;29,6;13,7;29,8;29;13,7;13,4;39;37;38;80;3,9;2,1;
2025/04/06;0200 UTC;0;961,5;961,5;961,1;;28,7;14;29,6;28,7;14;13,6;41;38;41;56;3,9;2,3;
2025/04/06;0300 UTC;0;961,5;961,5;961,4;;28,3;14,2;28,7;28,3;14,2;13,9;42;40;42;107;6,2;2,4;
2025/04/06;0400 UTC;0;961,4;961,6;961,4;;27,7;14,4;28,5;27,7;14,6;14,3;44;42;44;116;9;3,4;
2025/04/06;0500 UTC;0;961,2;961,4;961,2;;26,7;14,2;27,7;26,7;14,5;14,2;46;44;46;133;7,4;2,6;
2025/04/06;0600 UTC;0;960,9;961,2;960,9;;25,4;14,4;26,7;25,3;14,4;14,2;51;46;51;151;5,5;1,9;
2025/04/06;0700 UTC;0;960,9;961;960,8;;24,2;14,7;25,4;24,2;14,7;14,4;55;51;55;146;4;1,4;
2025/04/06;0800 UTC;0;961,5;961,5;960,9;;23,5;14,5;24,3;23,5;14,7;14,5;57;55;57;151;4,3;1,7;
2025/04/06;0900 UTC;0;961,9;961,9;961,5;6,4;23,2;14;23,5;23,1;14,5;14;58;56;56;131;4,3;2,3;
2025/04/06;1000 UTC;0;962,6;962,6;961,9;402;23,8;15,2;23,9;23,1;15,2;14;58;56;58;140;7,9;4,4;
2025/04/06;1100 UTC;0;963;963;962,6;1314,9;25,7;16;25,7;23,8;16,3;15,2;59;55;55;132;8,1;3,5;
2025/04/06;1200 UTC;0;963,2;963,2;963;2188,6;27,1;14,8;27,3;25,4;15,9;14,8;55;47;47;122;8,5;4,6;
2025/04/06;1300 UTC;0;963,1;963,3;963;2856,6;28,4;13,4;29,2;27,1;15,5;13,1;48;38;40;136;9,6;5,1;
2025/04/06;1400 UTC;0;962,2;963,1;962,2;3321,6;30,2;12,6;30,8;28,4;15,2;12,5;43;34;34;122;9,3;5;
2025/04/06;1500 UTC;0;961,2;962,2;961,1;3555,2;31,8;11,4;32,2;30;13;11,1;35;29;29;122;10;4,5;
2025/04/06;1600 UTC;0;959,9;961,2;959,9;3558,4;32,9;11,5;33,5;31,6;11,9;10,8;29;26;27;115;9;3,8;
2025/04/06;1700 UTC;0;958,8;960;958,7;3056,3;33,2;11,4;34,1;32,3;11,9;10,7;27;25;27;123;10;4,3;
2025/04/06;1800 UTC;0;957,9;958,8;957,9;2593,1;33,7;11,1;34,7;33;11,8;10,3;27;23;25;120;9,6;4;
2025/04/06;1900 UTC;0;957,7;957,9;957,6;1909,8;33,3;10,8;34,3;33,3;11,6;10,6;26;24;25;141;9,5;4,2;
2025/04/06;2000 UTC;0;957,9;958;957,7;960,5;32,9;11,5;33,4;32,7;11,7;10,8;27;25;27;115;8,7;4;
2025/04/06;2100 UTC;0;958;958;957,8;182;31,6;11,2;32,9;31,6;11,6;11,2;29;27;29;102;7,5;2,3;
2025/04/06;2200 UTC;0;958,6;958,6;958;;30,1;11,5;31,6;30,1;11,5;11,2;32;29;32;79;6,4;2,2;
2025/04/06;2300 UTC;0;959,6;959,6;958,6;;28,9;12;30,1;28,9;12;11,5;35;32;35;82;3,8;1,9;
2025/04/07;0000 UTC;0;960,1;960,1;959,6;;27,6;12,6;28,9;27,6;12,6;12;40;35;40;75;3,2;1,5;
2025/04/07;0100 UTC;0;960,3;960,3;960,1;;28,3;11,2;28,3;27,5;12,6;11,2;40;35;35;107;5,3;2,2;
2025/04/07;0200 UTC;0;960,7;960,7;960,2;;27,2;11,7;28,3;27,2;11,8;11,2;38;35;38;104;5,6;1,9;
2025/04/07;0300 UTC;0;960,7;960,7;960,6;;27,2;13,3;27,4;27;13,3;11,8;42;38;42;114;7,3;3,3;
2025/04/07;0400 UTC;0;960,5;960,7;960,3;;26,3;14,6;27,2;26,2;14,6;13,4;49;42;49;119;8,9;2,9;
2025/04/07;0500 UTC;0;960,2;960,6;960,2;;25,3;15;26,3;25,3;15;14,6;53;49;53;108;5,7;1,7;
2025/04/07;0600 UTC;0;960,1;960,2;960;;24,5;15,8;25,3;24,5;15,8;15;58;53;58;122;4,9;2;
2025/04/07;0700 UTC;0;960;960,2;960;;23,7;16,8;24,5;23,7;16,8;15,8;65;58;65;109;4,7;2;
2025/04/07;0800 UTC;0;960,3;960,3;960;;22,6;16,2;23,7;22,6;17,2;16,2;69;65;67;81;3,8;2,2;
2025/04/07;0900 UTC;0;961;961;960,2;4,5;22,4;17,3;22,7;22,4;17,3;16,2;73;67;73;85;4,5;2;
2025/04/07;1000 UTC;0;961,4;961,4;961;205,3;23,3;17,6;23,3;22,4;17,6;17,3;73;70;70;99;4,9;2,6;
2025/04/07;1100 UTC;0;962;962;961,4;566,5;24,6;17,3;24,6;23,3;17,8;17,2;70;64;64;96;8,2;4,2;
2025/04/07;1200 UTC;0;962,3;962,3;962;2032,5;27,2;16,1;27,7;24,5;17,4;16,1;64;50;51;100;9,3;4,9;
2025/04/07;1300 UTC;0;961,9;962,4;961,9;2645,3;29,3;15,5;29,3;26,2;16,6;15,2;53;43;43;111;8,8;3,8;
2025/04/07;1400 UTC;0;960,8;961,9;960,8;2705,6;29,4;14,4;29,6;28,3;15,8;14,3;45;40;40;125;7,5;2,9;
2025/04/07;1500 UTC;0;959,9;960,9;959,9;2847,1;30,9;12,3;31,6;29,4;14,3;11,9;40;31;32;131;8,6;3,8;
2025/04/07;1600 UTC;0;958,7;959,9;958,7;2865,4;32,2;11,6;33,1;30,4;13,1;11,2;33;28;28;98;8,6;4,2;
2025/04/07;1700 UTC;0;957,6;958,7;957,6;2586,9;32,3;11,3;33,6;31,7;12,3;10,9;30;26;28;130;7,5;2,7;
2025/04/07;1800 UTC;0;957,4;957,7;957,4;1588,4;32,7;11,1;33,2;32,1;12;10,8;29;26;27;125;7,3;2,6;
2025/04/07;1900 UTC;0;957,4;957,4;957,3;1062,5;32,3;8,4;32,9;32,3;10,8;8,4;27;23;23;168;7;3,3;
2025/04/07;2000 UTC;0;957,8;957,9;957,4;483,1;31,5;7;32,4;31,5;8,7;6,6;23;21;22;158;6,9;3;
2025/04/07;2100 UTC;0;958,1;958,1;957,8;69;29,3;7,2;31,6;29,3;7,4;6,4;25;21;25;153;5,8;1,2;
2025/04/07;2200 UTC;0;958,6;958,6;958,1;;26,8;9,6;29,3;26,8;9,6;7,2;34;25;34;68;2,1;,7;
2025/04/07;2300 UTC;0;959,5;959,5;958,6;;26,5;9,1;26,8;26,1;10,4;9;37;33;33;40;1,5;1;
2025/04/08;0000 UTC;0;960;960;959,5;;25,3;10;26,5;25,3;10,1;9;38;33;38;358;2,2;1,5;
2025/04/08;0100 UTC;0;960,2;960,2;960;;24,9;11,4;25,7;24,7;11,4;10,1;43;38;43;3;2,8;1,3;
2025/04/08;0200 UTC;0;960,2;960,2;960,2;;23,2;12,1;25;23,1;12,4;11,4;51;43;50;270;1,8;1;
2025/04/08;0300 UTC;0;960,1;960,2;960,1;;22,5;13,1;23,3;22,3;13,3;12,1;56;50;56;24;1,6;,9;
2025/04/08;0400 UTC;0;959,7;960,1;959,7;;22;13,6;22,5;21,6;13,7;13,1;60;55;59;335;1,4;,6;
2025/04/08;0500 UTC;0;960;960;959,7;;21,5;14;22,5;21,4;14;13,3;63;56;62;248;2,6;1,4;
2025/04/08;0600 UTC;0;960,1;960,1;960;;21,7;14,3;22,2;21,5;14,4;13,9;63;61;63;104;2,6;,5;
2025/04/08;0700 UTC;0;960,3;960,3;960;;21,9;15;22,1;21,4;15,1;14,4;66;63;65;43;2;1,4;
2025/04/08;0800 UTC;0;960,8;960,8;960,3;;21,5;15,7;22,1;21,4;15,7;15,1;70;65;70;55;2;,9;
2025/04/08;0900 UTC;0;961,7;961,7;960,8;7,3;22,7;17,4;22,7;21,4;17,4;15,7;72;70;72;113;2,5;1;
2025/04/08;1000 UTC;0;962,5;962,5;961,7;410,9;24,1;18;24,2;22,7;18;17;72;67;69;155;4,9;2,3;
2025/04/08;1100 UTC;0;963,1;963,2;962,5;1042,2;25,9;17,7;26;23,8;18,5;17,7;71;61;61;134;5,9;3,3;
2025/04/08;1200 UTC;0;963,3;963,3;963;2107;28;16,4;28;25,9;17,9;16,3;61;49;49;97;8,1;4,6;
2025/04/08;1300 UTC;0;963,1;963,4;963,1;2502,3;28,9;16,2;29,6;26,8;16,7;15,4;53;45;46;134;9,9;4;
2025/04/08;1400 UTC;0;962,3;963,1;962,3;2296,9;29,6;16,1;30,8;28,5;17;15,7;48;41;44;147;9,9;3;
2025/04/08;1500 UTC;0;961,4;962,3;961,4;2192,3;30,5;15;31,8;29,3;16,4;14,7;44;36;39;125;8,1;3,8;
2025/04/08;1600 UTC;0;960,3;961,4;960,3;2730,9;31,8;13,5;33,1;30,5;15,4;13,5;39;32;33;143;8,2;3,4;
2025/04/08;1700 UTC;0;959,4;960,4;959,4;2916,1;33,9;13,1;34,2;31,3;14;13;34;28;29;120;7,9;2,8;
2025/04/08;1800 UTC;0;958,7;959,4;958,6;2272,7;33,6;12,3;34,1;32,2;13,4;11,9;31;27;28;102;8,6;3,4;
2025/04/08;1900 UTC;0;958,6;958,7;958,6;1281,3;33,4;12,4;33,9;32,6;12,6;11,6;29;27;28;124;6,9;1,8;
2025/04/08;2000 UTC;0;958,7;958,7;958,5;899,3;33;11,8;34,1;32,8;12,5;11,5;28;26;28;122;6,4;2,7;
2025/04/08;2100 UTC;0;959;959;958,6;158,6;31,7;12;33;31,7;12,1;11,4;30;27;30;110;5,7;2,1;
2025/04/08;2200 UTC;0;959,5;959,5;959;;29,3;12,3;31,7;29,3;12,3;12;35;30;35;40;4;1,4;
2025/04/08;2300 UTC;0;960,1;960,1;959,5;;27,5;13,2;29,3;27,5;13,2;12,4;41;35;41;35;2,8;1,4;
2025/04/09;0000 UTC;0;960,7;960,7;960,1;;26,4;13,6;27,5;26,1;13,8;13,2;47;41;45;21;2;1,3;
2025/04/09;0100 UTC;0;960,9;960,9;960,7;;25,8;14;26,7;25,8;14;13,6;48;44;48;8;2,4;1,5;
2025/04/09;0200 UTC;0;961;961;960,8;;24,3;14,2;26;24,3;14,7;13,8;54;47;53;151;2,1;,3;
2025/04/09;0300 UTC;0;961,1;961,1;961;;23,2;14,7;24,3;22,8;14,9;14,2;61;53;59;235;2,9;,4;
2025/04/09;0400 UTC;0;960,8;961;960,8;;25,5;15,5;26;23,2;15,5;14,7;59;50;54;82;4;1,5;
2025/04/09;0500 UTC;0;960,9;960,9;960,8;;23,7;15,7;25,5;23,7;15,7;15,5;61;54;61;53;2,8;1,2;
2025/04/09;0600 UTC;0;960,7;960,9;960,7;;24,2;17;24,3;23,7;17;15,7;64;61;64;115;2,4;1,3;
2025/04/09;0700 UTC;0;960,9;960,9;960,7;;23,7;18,5;24,2;23,4;18,5;17;73;64;73;139;2,5;1,5;
2025/04/09;0800 UTC;0;961,4;961,4;960,9;;23,4;18,5;23,8;23,4;18,5;18,4;74;72;74;137;3,6;1,6;
2025/04/09;0900 UTC;0;962,2;962,3;961,4;7,6;22,9;18,6;23,4;22,9;18,7;18,5;77;74;77;138;3,5;,9;
2025/04/09;1000 UTC;0;962,9;962,9;962,2;401,4;24,8;18,6;24,8;22,9;18,8;18,4;77;69;69;132;4,4;2,5;
2025/04/09;1100 UTC;0;963,4;963,4;962,9;1251,2;26,3;17,9;26,3;24,7;18,8;17,9;69;60;60;139;6,4;3,4;
2025/04/09;1200 UTC;0;963,8;963,8;963,3;1985,6;27,6;17,3;28,3;25,9;18,3;17,3;61;52;54;108;6,4;3;
2025/04/09;1300 UTC;0;963,5;963,9;963,5;2612,9;29,8;16,6;30,2;27,5;17,7;16,4;54;45;45;114;7,9;3,3;
2025/04/09;1400 UTC;0;962,6;963,5;962,6;2607,8;30,8;16,9;30,8;28,9;17,3;16,1;47;43;43;129;8;3,5;
2025/04/09;1500 UTC;0;961,6;962,6;961,6;3282,1;31,1;15,6;32,9;30,7;16,9;15,3;43;35;39;123;7,2;3,6;
2025/04/09;1600 UTC;0;960,4;961,6;960,4;3194,3;33,9;15,2;34;31;16,3;14,6;39;32;32;110;7,1;2,8;
2025/04/09;1700 UTC;0;959,5;960,5;959,5;2825;32,9;13,7;34,6;32,5;15;13,7;33;30;31;117;7,1;2,7;
2025/04/09;1800 UTC;0;958,9;959,5;958,9;2195,2;33,2;13,4;35;32,6;14,6;13,2;32;28;30;129;6,9;3;
2025/04/09;1900 UTC;0;958,7;959;958,7;1425,8;33,4;13,1;35;32,9;14,2;13;31;28;29;129;6,3;2,6;
2025/04/09;2000 UTC;0;958,7;958,7;958,6;856,2;33,2;13,2;34,7;32,9;13,6;12,7;30;27;30;168;5,8;2;
2025/04/09;2100 UTC;0;958,9;958,9;958,6;148;32;12,9;33,5;32;13,2;12,8;31;29;31;107;4,8;1,2;
2025/04/09;2200 UTC;0;959,4;959,4;958,9;;30,7;13,2;32,1;30,7;13,3;12,8;34;31;34;106;2,9;1,2;
2025/04/09;2300 UTC;0;960;960;959,4;;28,8;14,3;30,7;28,4;14,4;13,2;42;34;41;65;2,3;1,1;
2025/04/10;0000 UTC;0;960,4;960,4;960;;27,5;14,4;28,8;27,4;14,5;14,2;45;41;45;23;3,2;2,2;
2025/04/10;0100 UTC;0;960,7;960,7;960,4;;26,7;14,8;27,6;26,5;14,9;14,4;49;44;48;13;3,2;1,9;
2025/04/10;0200 UTC;0;960,6;960,7;960,6;;26,4;15,9;26,7;26,3;16,1;14,8;53;48;52;4;2,8;1,8;
2025/04/10;0300 UTC;0;960,2;960,6;960,2;;24,3;15,8;26,5;24,3;16,3;15,8;59;52;59;206;2,8;,7;
2025/04/10;0400 UTC;0;959,7;960,2;959,7;;22,9;16,9;24,3;22,9;17;15,8;69;59;69;190;2,6;1,3;
2025/04/10;0500 UTC;0;959,9;959,9;959,7;;23;16,6;23,3;22,5;17,6;16,6;72;67;67;201;2,5;,7;
2025/04/10;0600 UTC;0;959,8;960;959,7;;22,7;15,6;23,2;22,6;16,6;15,2;67;62;64;30;1,8;,8;
2025/04/10;0700 UTC;0;960;960;959,7;;22,1;16,2;22,7;21,7;16,2;15,6;70;64;70;355;1,7;,7;
2025/04/10;0800 UTC;0;960,5;960,6;960;;21,9;16,8;22,4;21,7;16,8;16,1;73;68;73;14;2,9;1,3;
2025/04/10;0900 UTC;0;961,5;961,5;960,5;7,7;22;17,2;22,3;21,7;17,4;16,7;74;73;74;1;3;,8;
2025/04/10;1000 UTC;0;962,2;962,2;961,5;393,9;25,1;17,4;25,3;22;18,4;17;74;61;63;139;1,9;1,1;
2025/04/10;1100 UTC;0;962,3;962,4;962,2;1245,7;26,8;18;26,9;25;18,2;17,4;65;59;59;126;3,9;2;
2025/04/10;1200 UTC;0;962,4;962,5;962,2;2043,2;28,4;17,9;29;26,2;18,4;17,6;60;52;53;154;4,8;1,7;
2025/04/10;1300 UTC;0;962;962,5;962;2821,8;30;17,5;31,1;28,3;18,3;17,3;53;45;47;74;4,4;2,1;
2025/04/10;1400 UTC;0;961,4;962;961,4;3372,9;31,7;16,9;32,5;29,4;18,1;16,6;49;39;41;92;5,2;2,2;
2025/04/10;1500 UTC;0;960,3;961,4;960,2;3659,2;33,4;14,9;34,8;31;17,2;14,9;41;32;33;70;5,2;1,7;
2025/04/10;1600 UTC;0;958,6;960,3;958,6;3584,6;35,2;13,1;35,3;32,9;15,6;13,1;34;26;26;337;5,1;1,5;
2025/04/10;1700 UTC;0;957,4;958,6;957,4;3425,7;35,4;13,1;35,9;33,8;14,7;12,8;31;26;26;126;4,8;1,7;
2025/04/10;1800 UTC;0;956,5;957,4;956,4;2696,2;35,3;13;36,5;34,7;14;12,6;28;25;26;125;6,1;2,2;
2025/04/10;1900 UTC;0;956,1;956,5;956,1;728,9;34,3;13,1;35,7;34,3;13,7;12,9;28;26;28;68;6,1;1,2;
2025/04/10;2000 UTC;0;956,1;956,2;956;390,5;32,5;17;35;32,4;17;12,6;40;26;40;14;8,2;4,7;
2025/04/10;2100 UTC;0;956,7;956,7;956,2;101;30,9;17,7;32,7;30,9;17,7;16,7;45;39;45;3;8,2;2,4;
2025/04/10;2200 UTC;0;957,5;957,5;956,7;;29,5;18,6;30,9;29,5;18,6;17,7;52;45;52;351;6,5;3,3;
2025/04/10;2300 UTC;0;958,2;958,2;957,5;;29,1;17,9;29,5;28,9;18,7;17,9;54;51;51;17;6,5;3;
2025/04/11;0000 UTC;0;958,5;958,5;958,2;;28,5;17,8;29,1;28,5;18;17,4;52;50;52;359;6,2;2;
2025/04/11;0100 UTC;0;959;959;958,5;;27,5;19;28,5;27,5;19,1;17,9;60;52;60;273;5;,8;
2025/04/11;0200 UTC;0;958,8;959;958,8;;27,1;19,5;27,7;27,1;19,6;19,1;63;60;63;315;7,8;1,9;
2025/04/11;0300 UTC;0;958;958,8;958;;26,9;19,3;27,2;26,9;19,5;19,2;64;62;63;323;7,1;3,8;
2025/04/11;0400 UTC;0;957,9;958,1;957,8;;26,4;19,3;26,9;26,3;19,4;19,3;65;63;65;322;7,5;1,3;
2025/04/11;0500 UTC;0;958,2;958,3;957,9;;26,4;19,5;27,6;26,2;19,5;19,2;66;61;66;355;6,6;2,5;
2025/04/11;0600 UTC;0;957,8;958,2;957,8;;25,3;20,3;26,3;25,3;20,3;19,5;74;66;74;49;4,9;2,7;
2025/04/11;0700 UTC;0;957,9;958;957,6;;25,2;20,4;25,3;24,9;20,5;20,3;76;74;75;216;4,3;,9;
2025/04/11;0800 UTC;0;958,4;958,4;957,8;;25;20,2;25,2;24,9;20,4;20,1;76;75;75;214;1,9;1;
2025/04/11;0900 UTC;0;959,3;959,3;958,4;5;24,7;19,7;25,2;24,7;20,3;19,7;76;74;74;164;2;,4;
2025/04/11;1000 UTC;0;959,9;959,9;959,3;217,4;26,1;20,2;26,5;24,7;20,6;19,7;75;68;70;22;3,2;1,6;
2025/04/11;1100 UTC;0;960,2;960,2;959,9;954,1;27,8;19,8;27,9;26;20,5;19,5;71;61;62;93;3;1;
2025/04/11;1200 UTC;0;960,4;960,4;960,1;1688,8;29,7;18,5;30,8;27,8;19,9;18,5;62;50;51;309;5,4;1,3;
2025/04/11;1300 UTC;0;960;960,4;960;2205,6;29,8;18,5;31,5;29,4;19,4;18,1;53;46;51;53;4,8;2;
2025/04/11;1400 UTC;0;959,6;960,1;959,6;2441,4;32,3;17,9;33,2;29,8;18,9;17,6;51;41;42;9;5,6;2,2;
2025/04/11;1500 UTC;0;958,5;959,6;958,5;3532;34,4;16,4;35,2;32,1;18,4;16,3;43;34;34;40;5,5;1,7;
2025/04/11;1600 UTC;0;957,1;958,5;957,1;2951,2;34,8;14,8;36;32,7;17,1;14,8;38;30;30;320;5,6;1,6;
2025/04/11;1700 UTC;0;955,5;957,1;955,5;2813,1;36,1;14,6;36,3;33,5;15,7;14,3;32;28;28;147;5,5;1,6;
2025/04/11;1800 UTC;0;954,9;955,5;954,8;1117,7;33,8;15,4;36,5;33,6;15,7;14,3;34;28;33;360;6,3;2,3;
2025/04/11;1900 UTC;0;955,4;955,4;954,8;386;31,1;16,8;34;31,1;16,8;15,2;42;33;42;227;7,9;2,8;
2025/04/11;2000 UTC;0;956;956;955,4;81;28,3;19,1;31;28;19,3;16,9;59;43;58;262;8,7;2;
2025/04/11;2100 UTC;0;957;957;956;15,6;27,6;18,8;29,3;27,6;19,6;18,1;60;51;59;325;9,9;4,5;
2025/04/11;2200 UTC;0;957,2;957,2;957;;27,6;18,9;27,6;26,6;19;17,8;60;57;59;324;9,9;3,1;
2025/04/11;2300 UTC;0;958,4;958,4;957,2;;27,9;19,8;28,1;27,6;19,8;18,9;61;58;61;332;7,2;4,1;
2025/04/12;0000 UTC;0;958,9;958,9;958,4;;27,9;19,7;28,1;27,8;19,9;19,7;62;61;61;334;6,1;2,8;
2025/04/12;0100 UTC;0;959,9;959,9;958,9;;27;20,4;27,9;27;20,4;19,5;67;60;67;251;5,7;1,6;
2025/04/12;0200 UTC;0;959,6;959,8;959,5;;26;20,4;27;26;20,5;20,2;71;67;71;222;4,7;2,4;
2025/04/12;0300 UTC;0;959,5;959,7;959,5;;26,1;19,9;26,1;25,8;20,4;19,9;71;69;69;236;4,7;1,6;
2025/04/12;0400 UTC;,6;959,5;959,8;959,4;;23,7;21,5;26,2;23,7;21,5;19,9;87;68;87;209;6,4;2,5;
2025/04/12;0500 UTC;,2;958,7;959,5;958,7;;23;22,1;23,7;23;22,1;21,4;94;87;94;181;5;1,9;
2025/04/12;0600 UTC;4,4;959,5;959,5;958,7;;23;22,3;23,2;22,9;22,4;21,9;96;93;96;58;3,4;,6;
2025/04/12;0700 UTC;4,6;960;960;959,5;;22,9;22,1;23,1;22,9;23,1;22,1;100;94;95;126;2,9;,6;
2025/04/12;0800 UTC;7,6;960,6;960,6;960,1;;22;21,7;23;22;22,5;21,5;98;95;98;122;6,6;3,1;
2025/04/12;0900 UTC;48,4;961,6;961,6;960,6;1;20,3;;22;20,2;;;;;;75;11;4,8;
2025/04/12;1000 UTC;11,6;962,7;962,7;961,6;14,6;20,2;;20,3;20,1;;;;;;162;10,3;1,9;
2025/04/12;1100 UTC;5,6;963,5;963,5;962,7;116;20,5;;20,5;20,2;;;;;;207;3,2;1,4;
2025/04/12;1200 UTC;2,2;963,9;963,9;963,4;553,4;21,3;;21,4;20,5;;;;;;136;2,7;,8;
2025/04/12;1300 UTC;0;963,8;964;963,8;1060,8;22,9;22,9;22,9;21,3;;;;;100;27;2,3;1;
2025/04/12;1400 UTC;0;962,6;963,8;962,6;925,4;23,5;20,2;23,7;22,9;23;20,2;100;81;82;11;3,1;1,8;
2025/04/12;1500 UTC;0;961,6;962,6;961,6;716,9;23,6;20,2;23,9;23,2;21,3;20;88;81;81;31;2,8;1,1;
2025/04/12;1600 UTC;,2;960,5;961,6;960,5;701,9;23,3;20,3;23,7;23,3;21;20,2;85;81;83;49;2,9;1,9;
2025/04/12;1700 UTC;0;959,6;960,5;959,6;598;24,2;20,6;24,4;23,3;21,1;20,3;86;79;81;339;2,9;,4;
2025/04/12;1800 UTC;0;958,9;959,6;958,9;771,6;24,4;21,1;24,5;24,1;21,6;20,3;85;79;82;335;2,9;1,5;
2025/04/12;1900 UTC;0;959;959;958,9;677,8;24,9;20,8;25;24,4;21,2;20,3;82;76;78;243;2,5;,8;
2025/04/12;2000 UTC;0;958,7;959;958,7;376;24,7;20,6;25,1;24,7;21;20,3;80;76;78;204;2,4;,8;
2025/04/12;2100 UTC;0;958,9;958,9;958,5;44,3;24,1;21,1;24,7;24,1;21,7;20,3;85;77;83;35;1,6;,1;
2025/04/12;2200 UTC;0;959,4;959,4;958,9;;24,3;21,9;24,3;24,1;21,9;21,2;87;83;87;107;1;,5;
2025/04/12;2300 UTC;0;960,1;960,1;959,4;;24;20;24,4;24;22,1;19,8;88;77;78;116;3,8;1,5;
2025/04/13;0000 UTC;0;960,5;960,5;960,1;;23,4;21,2;24;23,4;21,4;20;89;78;87;63;3,5;,7;
2025/04/13;0100 UTC;0;961;961;960,5;;23;21,8;23,4;23;21,8;21;93;87;93;10;1,7;1;
2025/04/13;0200 UTC;0;961;961;960,9;;22,3;21,3;23;22,3;21,8;21,3;94;93;94;345;2,1;1,2;
2025/04/13;0300 UTC;0;960,6;961;960,6;;21,8;21,8;22,3;21,8;21,8;21,3;100;94;100;36;1,6;,9;
2025/04/13;0400 UTC;0;960,2;960,6;960,2;;21,7;21,7;21,8;21,6;21,8;21,6;100;100;100;266;2,1;,6;
2025/04/13;0500 UTC;0;960,1;960,4;960,1;;21,7;;21,8;21,5;;;;;;301;1,9;,5;
2025/04/13;0600 UTC;0;960,5;960,5;960,1;;21,7;;21,8;21,6;;;;;;359;1,8;1,1;
2025/04/13;0700 UTC;0;960,3;960,5;960,3;;21,6;;21,8;21,6;;;;;;177;2,6;1;
2025/04/13;0800 UTC;0;960,6;960,6;960,2;;21,1;;21,6;21,1;;;;;;261;1,7;,6;
2025/04/13;0900 UTC;0;961;961;960,5;7,4;21,1;;21,2;21;;;;;;274;1;,5;
2025/04/13;1000 UTC;0;962;962;961;307,4;22,7;;22,8;21,1;;;;;;197;1,5;,6;
2025/04/13;1100 UTC;0;963;963;962;726,6;23,4;21;23,9;22,6;22,9;20,8;100;85;86;141;2,8;1,3;
2025/04/13;1200 UTC;0;963,7;963,7;963;1112,7;24,6;21,1;24,9;23,4;22,1;20,5;89;80;81;143;3,8;1,7;
2025/04/13;1300 UTC;0;964;964,1;963,7;1866,8;27;19,5;27,2;24,6;21,3;19,1;81;63;63;123;6,1;2,5;
2025/04/13;1400 UTC;0;962,9;964;962,9;2743;28,4;18,4;28,8;26,9;20,1;18;67;53;55;143;6,4;3,1;
2025/04/13;1500 UTC;0;961,8;962,9;961,8;3335,3;30,6;18,2;30,6;28,4;19,8;17,3;57;47;47;88;6,4;2,6;
2025/04/13;1600 UTC;0;960,5;961,7;960,5;3577,1;31,4;17,9;31,4;29,9;18,6;16,8;49;42;45;130;6,1;2,8;
2025/04/13;1700 UTC;0;959,7;960,5;959,7;2763;31;17;31,7;30,3;18,4;16,4;47;41;43;143;6,1;2,6;
2025/04/13;1800 UTC;0;959,2;959,7;959,2;1928,5;31,8;17,2;31,9;30,6;17,9;16,2;46;40;42;121;6,4;2,3;
2025/04/13;1900 UTC;0;959,1;959,2;959;1402;31,3;16;31,8;30,8;17,5;16;44;40;40;140;6,3;2,8;
2025/04/13;2000 UTC;0;959,2;959,2;959;1060,4;30,9;16,6;31,8;30,9;17,1;15,8;43;39;42;136;6,2;2,4;
2025/04/13;2100 UTC;0;959,2;959,2;959,1;151,2;29,1;16,4;30,9;29,1;16,6;16,1;47;42;46;112;5,9;2;
2025/04/13;2200 UTC;0;959,7;959,7;959,1;;27,3;18,1;29,1;27,3;18,1;16,6;57;46;57;77;4;1;
2025/04/13;2300 UTC;0;960,2;960,2;959,7;;25,9;19,3;27,3;25,9;19,5;18,2;67;57;67;43;2,4;1,6;
2025/04/14;0000 UTC;0;960,8;960,8;960,2;;24,5;20,6;25,9;24,5;21,3;19,4;82;67;79;359;2,1;1,2;
2025/04/14;0100 UTC;0;961,3;961,4;960,8;;25;19,4;25;24,2;21,4;19,4;84;71;71;37;2,6;1,4;
2025/04/14;0200 UTC;0;961,3;961,3;961,2;;24,2;20;25,1;24,2;20,3;19,3;78;70;77;15;2,3;1;
2025/04/14;0300 UTC;0;961,3;961,3;961,2;;23,1;21,9;24,2;23,1;21,9;19,9;93;77;93;229;1,3;1;
2025/04/14;0400 UTC;0;960,7;961,3;960,7;;23,1;22,1;23,1;22,6;22,1;21,8;96;93;94;149;3;,8;
2025/04/14;0500 UTC;0;960,5;960,8;960,4;;23,7;20,7;23,8;23,1;22;20,6;94;82;83;136;3;,9;
2025/04/14;0600 UTC;0;960,7;960,8;960,5;;23,7;21;23,7;23,4;21,4;20,7;88;83;85;106;2,5;1,4;
2025/04/14;0700 UTC;0;960,8;960,8;960,6;;23,1;21,4;23,7;23,1;21,4;21;90;85;90;61;2,5;1,4;
2025/04/14;0800 UTC;0;961,4;961,4;960,8;;22,9;21,5;23,2;22,9;21,6;21,3;92;90;91;66;2,1;,7;
2025/04/14;0900 UTC;0;961,9;961,9;961,4;6,7;22,7;21,4;23;22,7;21,6;21,3;93;91;93;140;2,7;,8;
2025/04/14;1000 UTC;0;962,5;962,5;961,9;222,8;24;21,5;24;22,5;22,5;21,4;96;86;86;140;2,3;1,3;
2025/04/14;1100 UTC;0;963,2;963,2;962,5;855,7;25,1;21,2;25,2;24;21,8;21,1;86;79;79;92;5,2;2,7;
2025/04/14;1200 UTC;0;963,6;963,6;963,2;1010,2;26,2;20,9;26,7;25,1;21,5;20,6;80;71;72;73;5,8;2,4;
2025/04/14;1300 UTC;0;963,3;963,7;963,3;1058,2;27,5;20,8;27,5;25,8;21,3;20,5;75;66;67;57;4,9;1,8;
2025/04/14;1400 UTC;0;962,2;963,3;962,2;2865,3;29,7;20,6;29,7;27,3;21,5;19,8;68;58;58;69;5,7;3,2;
2025/04/14;1500 UTC;0;961,2;962,2;961,2;3510,3;30,1;20,7;30,8;29,4;20,8;18,9;58;50;57;107;5,7;2,7;
2025/04/14;1600 UTC;0;960,2;961,2;960,2;3830,9;31,9;18,8;32,6;30,1;20,8;17,4;57;42;46;103;5,7;2;
2025/04/14;1700 UTC;0;959,3;960,2;959,3;2808,4;32,5;17,8;32,5;30,7;19,1;17,3;48;41;41;75;5,5;1,2;
2025/04/14;1800 UTC;0;958,7;959,3;958,7;2079,2;32,3;16,8;33,4;31;18,9;16,8;48;39;40;127;4,5;1,4;
2025/04/14;1900 UTC;0;958,6;958,8;958,6;1889,8;32,2;17,3;33,5;31,7;18,6;16,6;44;39;41;119;4,8;2,4;
2025/04/14;2000 UTC;0;958,6;958,7;958,6;703,6;31,4;17,8;32,5;31;18;16,7;46;40;44;127;4,8;1,8;
2025/04/14;2100 UTC;0;958,9;958,9;958,6;143,7;29,9;17,9;31,4;29,9;18;17,3;49;43;49;132;4,6;2,4;
2025/04/14;2200 UTC;0;959,2;959,3;958,9;;28,2;18,6;29,9;28,2;18,7;17,9;56;49;56;104;4,6;1,1;
2025/04/14;2300 UTC;0;959,6;959,6;959,2;;25,9;20,3;28,2;25,9;20,3;18,5;71;56;71;358;2,6;1,1;
2025/04/15;0000 UTC;0;960,4;960,4;959,6;;25,1;20,2;26,1;25,1;20,4;19,5;75;67;74;2;2,8;1,6;
2025/04/15;0100 UTC;0;960,8;960,8;960,4;;24,7;20,2;25,1;24,7;20,5;19,6;76;72;76;3;3,1;1,1;
2025/04/15;0200 UTC;0;960,8;960,9;960,7;;24,9;21,2;25,1;23,9;21,7;19,9;88;76;80;4;3;1,3;
2025/04/15;0300 UTC;0;960,3;960,8;960,3;;24,6;21,4;25,1;24;21,7;21,1;86;79;82;118;3;,7;
2025/04/15;0400 UTC;0;960,3;960,4;960,2;;23,5;21,8;25;23,5;21,8;21,4;90;81;90;148;4,8;,8;
2025/04/15;0500 UTC;0;959,9;960,3;959,9;;23,2;22,3;23,6;23,2;22,6;21,8;95;90;95;231;1,8;,5;
2025/04/15;0600 UTC;0;960,2;960,2;959,8;;22,8;22;23,2;22,8;22,5;22;97;94;95;159;2,5;1;
2025/04/15;0700 UTC;0;960,3;960,3;960;;22,3;22,3;22,8;22,3;22,6;22;100;95;100;211;1,9;,7;
2025/04/15;0800 UTC;0;960,9;960,9;960,2;;22,4;;22,5;22,2;;;;;;305;2,1;,5;
2025/04/15;0900 UTC;0;961,4;961,4;960,9;5,9;23,6;22;23,6;22,4;;;;;91;110;2,4;,7;
2025/04/15;1000 UTC;0;962;962,1;961,4;137,5;24,3;22,4;24,3;23,6;22,5;21,9;93;87;89;152;1,4;,4;
2025/04/15;1100 UTC;0;962,4;962,4;961,9;383,6;24,7;22;24,9;24,2;22,3;21,6;89;83;85;88;2,3;,9;
2025/04/15;1200 UTC;0;962,7;962,7;962,4;734;25,7;21,8;25,8;24,7;22,4;21,6;86;79;79;105;3;1,6;
2025/04/15;1300 UTC;0;962,3;962,7;962,3;1979,2;26,6;22,2;27,5;25,5;23;21,4;82;73;77;166;3,5;1,4;
2025/04/15;1400 UTC;0;961,9;962,3;961,9;1940,1;28;21,1;28,2;26,6;22,7;21;77;66;66;168;3,9;1,5;
2025/04/15;1500 UTC;0;960,9;961,9;960,9;2458,5;29,4;21,5;29,8;28;21,6;20;67;58;62;175;4;1,8;
2025/04/15;1600 UTC;0;960;960,9;959,9;2772,4;31,2;19,6;32;29,4;21,7;19;63;48;50;54;4,7;1,5;
2025/04/15;1700 UTC;0;959,1;960;959,1;2678,2;32,4;18,6;32,8;30,6;20,9;18,5;56;44;44;13;4,8;1,9;
2025/04/15;1800 UTC;0;958;959,1;958;2577,9;33,2;18,8;33,2;32,3;19,5;17,6;46;41;43;31;5;2,7;
2025/04/15;1900 UTC;0;957,8;958;957,7;1954,7;33,1;17,9;33,5;32,4;19,1;16,9;43;39;41;41;5,3;1,8;
2025/04/15;2000 UTC;0;957,9;959,6;957,7;869,7;30,9;19,3;33,2;30,9;19,3;17,2;50;40;50;61;7,2;2,4;
2025/04/15;2100 UTC;0;958,3;958,4;957,9;58,5;28,5;20,4;30,8;28,5;20,8;19,5;62;50;62;354;6,3;2,1;
2025/04/15;2200 UTC;0;958,9;959;958,3;;27,4;20,3;28,5;27,4;20,9;20,1;67;61;65;341;4,7;3,1;
2025/04/15;2300 UTC;0;959,2;959,3;958,9;;27;19,3;27,4;26,5;20,3;19,3;66;62;63;356;5,8;3,4;
2025/04/16;0000 UTC;0;960;960;959,2;;26,5;19,8;27,1;26,5;19,8;19,2;67;62;67;356;6,2;3,2;
2025/04/16;0100 UTC;0;960,5;960,5;960;;26;20,2;26,6;26;20,2;19,8;71;66;71;330;6;2;
2025/04/16;0200 UTC;0;960,5;960,6;960,4;;25,6;20,3;26;25,5;20,5;20,2;73;71;73;51;3,7;1,2;
2025/04/16;0300 UTC;0;960,2;960,5;960,2;;24,1;21,7;25,6;24,1;22,1;20,3;88;73;87;134;2,6;,8;
2025/04/16;0400 UTC;0;959,9;960,2;959,9;;24,2;22,2;24,3;23,8;22,2;21,7;91;87;89;259;2,4;,3;
2025/04/16;0500 UTC;0;959,6;959,9;959,6;;23,8;22,2;24,2;23,8;22,5;22,2;92;89;90;168;2;1;
2025/04/16;0600 UTC;0;959,7;959,8;959,4;;23,6;22,5;23,8;23,6;22,5;22,2;93;90;93;26;2;,9;
2025/04/16;0700 UTC;0;960,1;960,1;959,7;;23,6;22,4;23,6;23,3;22,8;22,4;96;93;93;40;2,9;1,5;
2025/04/16;0800 UTC;5,2;960,3;960,3;959,9;;23,3;22,7;24,2;23,2;22,7;22,4;97;91;97;316;2,6;1,4;
2025/04/16;0900 UTC;,2;960,8;960,8;960,2;2,2;23,8;23,8;23,8;23,3;;;;;100;51;2,6;1;
2025/04/16;1000 UTC;,2;961,4;961,4;960,8;182,8;24,1;23,1;24,1;23,6;23,9;23;100;94;94;249;3,1;,4;
2025/04/16;1100 UTC;0;962,2;962,2;961,4;506,1;25,3;22,7;25,3;24,2;23,6;22,4;94;85;85;284;1,7;,5;
2025/04/16;1200 UTC;0;962,5;962,5;962,1;1784,8;26,8;21,4;26,8;25,3;22,8;20,9;85;72;72;188;3,4;1,7;
2025/04/16;1300 UTC;0;962,2;962,5;962,2;2894,5;28;21,1;29,2;26,8;22,3;20,4;74;62;66;305;3,4;1,6;
2025/04/16;1400 UTC;0;961,3;962,2;961,3;2581,3;30;20,1;30,2;27,9;22,6;19,9;71;55;55;73;3,8;1,7;
2025/04/16;1500 UTC;0;960,4;961,3;960,4;2916;31,5;20,7;31,5;29,6;21,6;19,4;60;52;53;93;4;1,6;
2025/04/16;1600 UTC;0;959,3;960,4;959,3;3134,6;33;20,5;33;30,5;21,3;18,5;55;46;48;63;4,3;1,8;
2025/04/16;1700 UTC;0;958,4;959,3;958,3;2834,6;31,8;18,4;33,1;31;20,5;17,8;53;42;45;62;8,5;1,9;
2025/04/16;1800 UTC;0;957,6;958,4;957,6;2159,5;33,2;17,2;33,2;31,6;19,5;16,9;48;38;39;109;8,5;2,4;
2025/04/16;1900 UTC;0;957,5;957,6;957,5;1346,1;32;16,4;33,4;31,9;17,9;15,2;41;35;39;125;5,8;2,7;
2025/04/16;2000 UTC;0;957,7;957,7;957,5;700,8;31,1;17,6;32,4;31,1;17,6;16,3;45;38;45;129;6,4;2,6;
2025/04/16;2100 UTC;0;958,2;958,2;957,7;65,6;29,7;17,4;31,1;29,7;17,9;16,9;48;43;47;121;5,6;1,7;
2025/04/16;2200 UTC;0;958,6;958,6;958,2;;28,5;17,9;29,8;28,5;18,3;17,3;54;47;53;119;3,1;1,3;
2025/04/16;2300 UTC;0;959,1;959,1;958,6;;25,2;20,3;28,5;25,2;20,7;18;76;53;74;12;2,5;1,7;
2025/04/17;0000 UTC;0;959,7;959,7;959,1;;24,7;19,9;25,3;24,4;20,9;19,7;81;72;75;16;2,7;1,6;
2025/04/17;0100 UTC;0;960;960;959,7;;24,2;21,4;25,1;24,2;21,7;19,7;86;72;84;356;2,3;1,6;
2025/04/17;0200 UTC;0;960,2;960,2;960;;24,5;20,2;24,6;23,9;21,4;19,7;86;76;77;349;2,2;1,4;
2025/04/17;0300 UTC;0;960,2;960,3;960,2;;26,1;19,9;26,2;24,5;21;19,5;80;67;69;335;3,6;1,7;
2025/04/17;0400 UTC;0;960,6;960,7;960,2;;24,1;21,3;26,1;24,1;21,4;19,9;85;69;84;217;3,6;1,3;
2025/04/17;0500 UTC;0;960,4;960,6;960,4;;23,5;21,8;24,1;23,3;21,9;21,4;91;84;90;259;2,7;,8;
2025/04/17;0600 UTC;0;960,4;960,4;960,3;;22,9;21,1;23,5;22,9;21,9;21,1;91;89;89;208;2,5;1,2;
2025/04/17;0700 UTC;0;960,7;960,7;960,4;;22,7;20,3;22,9;22,4;21,1;20,3;90;87;87;123;1,9;,5;
2025/04/17;0800 UTC;0;960,9;960,9;960,7;;22,2;19,9;23,1;22,2;20,3;19,6;87;81;87;149;2,5;,9;
2025/04/17;0900 UTC;0;961,6;961,6;960,9;6,4;22,2;20;22,5;22;20;19,7;88;85;87;126;1,8;,8;
2025/04/17;1000 UTC;0;962,2;962,2;961,6;394,7;24,3;19,5;24,3;22,1;20,9;19,2;91;74;75;116;3,2;1,8;
2025/04/17;1100 UTC;0;963;963;962,2;1273,4;25,6;19,3;25,9;24,2;20,1;18,9;77;67;68;95;3,8;2;
2025/04/17;1200 UTC;0;963,1;963,2;963;2076,3;27,6;19,3;27,6;25,4;20;18,7;70;59;61;5;3,8;1,3;
2025/04/17;1300 UTC;0;962,9;963,1;962,9;2862;28,5;18,4;28,9;27,6;19,7;18;61;54;54;88;5;1,4;
2025/04/17;1400 UTC;0;962,3;962,9;962,3;3236,7;30;18,3;30,4;28,3;20;17,4;59;46;49;80;5,1;2;
2025/04/17;1500 UTC;0;961,3;962,3;961,3;1957,6;30,1;18,2;30,5;29,4;19,4;17,7;53;47;49;131;5,1;2;
2025/04/17;1600 UTC;0;960,1;961,3;960,1;2785,3;31,8;17,3;32,1;29,7;19,8;16,8;51;40;42;103;4,9;1,9;
2025/04/17;1700 UTC;0;959,3;960,1;959,3;2368,5;31,7;14,5;32,5;30,5;17,5;13,3;45;32;35;122;7;2,8;
2025/04/17;1800 UTC;0;958,7;959,3;958,7;2356,8;32,3;13,8;32,5;31,5;16;13,8;39;33;33;125;7,9;3,4;
2025/04/17;1900 UTC;0;958,9;958,9;958,7;1797,7;32,3;12,6;32,6;31,8;14,7;12;35;29;30;116;7,2;2,8;
2025/04/17;2000 UTC;0;958,9;959;958,9;929,2;31,3;13,1;32,4;31,3;14,3;12;34;30;33;134;7,3;3,1;
2025/04/17;2100 UTC;0;959,1;959,1;958,9;126,4;29,1;13,6;31,3;29,1;13,8;12,3;39;31;39;116;5,8;1,4;
2025/04/17;2200 UTC;0;959,6;959,6;959,1;;27,1;16;29,1;27,1;16;13,7;51;39;51;66;3,3;1,4;
2025/04/17;2300 UTC;0;960;960;959,6;;25,2;17,4;27,1;25;18,1;16;66;51;62;16;2,6;1,5;
2025/04/18;0000 UTC;0;960,5;960,5;960;;23,9;17,3;25,2;23,8;17,7;16,9;68;60;66;7;2,5;1,5;
2025/04/18;0100 UTC;0;960,6;960,7;960,5;;23,4;17;23,9;23,4;17,9;16,5;71;64;67;21;3,3;2,2;
2025/04/18;0200 UTC;0;960,8;960,9;960,6;;22,6;17,7;23,7;22,4;18,2;16,4;77;64;74;7;3,3;1,1;
2025/04/18;0300 UTC;0;960,8;960,8;960,7;;21,6;18,9;22,7;21,6;18,9;16,5;84;69;84;246;2;,9;
2025/04/18;0400 UTC;0;960,8;960,9;960,7;;21,2;19,3;21,7;21,2;19,3;18,3;89;82;89;210;1,6;,2;
2025/04/18;0500 UTC;0;960,4;960,8;960,4;;22,5;17,2;22,6;20,6;19,4;16,9;90;70;72;25;2,4;1,3;
2025/04/18;0600 UTC;0;960,2;960,4;960,2;;21,4;18,2;22,5;21,1;18,8;17,1;86;72;82;33;1,9;,5;
2025/04/18;0700 UTC;0;960;960,2;960;;22,1;17,8;22,4;21,2;18,5;17,7;84;76;77;60;2,9;1,3;
2025/04/18;0800 UTC;0;960,3;960,3;960;;21,3;18,6;22,1;21,1;18,6;17,9;86;77;84;51;2,8;1,7;
2025/04/18;0900 UTC;0;960,9;960,9;960,3;6,1;20,4;19,2;21,3;20,2;19,2;18,4;93;84;93;30;3,3;,6;
2025/04/18;1000 UTC;0;961,2;961,2;960,9;367,4;23,5;18,3;23,5;20,4;19,4;17,9;93;71;73;144;2,2;,7;
2025/04/18;1100 UTC;0;961,4;961,4;961,1;1215,5;26;18,6;26;23,3;19,1;17,3;73;63;64;114;4,8;2,4;
2025/04/18;1200 UTC;0;961,4;961,5;961,3;2068,5;27,9;17,9;27,9;26;18,7;17,7;64;54;54;99;6,4;3;
2025/04/18;1300 UTC;0;961;961,4;961;2809,4;29,6;17,3;29,6;27,7;18,2;16,8;55;47;48;96;7;2,6;
2025/04/18;1400 UTC;0;960,5;961;960,4;3306,5;30,2;16,9;30,2;28,9;18,2;16,6;52;44;45;122;7;3;
2025/04/18;1500 UTC;0;959,7;960,5;959,7;3543,3;31,2;15,4;32;29,8;18,3;15,4;47;38;39;139;8,1;3;
2025/04/18;1600 UTC;0;958,8;959,7;958,8;3445,4;32,9;13,4;33;30,7;16,9;12,2;43;29;31;97;8,1;2,8;
2025/04/18;1700 UTC;0;957,8;958,8;957,8;3155,3;33,4;13,3;33,6;32,4;15,1;11,3;35;26;30;100;7,3;3,2;
2025/04/18;1800 UTC;0;957,4;957,9;957,4;2267,4;33,1;12,1;33,8;32,8;14;11,2;31;26;28;91;7,3;1,8;
2025/04/18;1900 UTC;0;957,2;957,4;957,1;1789,7;33;12,3;33,4;32,9;13,5;11;31;26;28;112;6,1;2,9;
2025/04/18;2000 UTC;0;957,4;957,4;957,2;910,7;32,4;12,8;33,2;32,4;13,4;12,2;31;28;30;125;6,4;3;
2025/04/18;2100 UTC;0;958,1;958,1;957,4;123,2;28,5;15,4;32,4;28,3;17,1;12,7;50;30;45;358;6,4;,5;
2025/04/18;2200 UTC;0;958,6;958,6;958,1;;25,9;15,7;28,5;25,7;18,1;15,3;61;45;53;358;2,7;1,1;
2025/04/18;2300 UTC;0;959,4;959,4;958,6;;24,8;16,5;26;24,5;17,2;15,2;63;53;60;347;2,6;2;
2025/04/19;0000 UTC;0;960,1;960,1;959,4;;26,2;14,6;26,4;24,4;17;14,6;63;49;49;352;4,2;2,8;
2025/04/19;0100 UTC;0;960,4;960,5;960,1;;25,3;17,5;26,4;25,2;17,6;14,9;62;49;62;3;4,5;2,7;
2025/04/19;0200 UTC;0;960,7;960,8;960,4;;26,3;17,2;26,3;25,3;17,8;17,2;62;57;58;348;4,5;1,8;
2025/04/19;0300 UTC;0;960,7;960,8;960,5;;24,7;18,5;26,4;24,1;18,8;17;71;56;69;79;3,3;,5;
2025/04/19;0400 UTC;0;960,5;960,9;960,5;;22,3;19,2;24,7;22,2;19,2;18,2;82;68;82;308;3,6;1,1;
2025/04/19;0500 UTC;0;960,5;960,5;960,4;;21,8;19,4;22,3;21,7;19,9;19,2;88;82;86;241;2,5;1,6;
2025/04/19;0600 UTC;0;960,3;960,5;960,2;;21,5;19,2;21,9;21,4;19,4;18,9;88;83;87;328;2,7;,7;
2025/04/19;0700 UTC;0;960,3;960,4;960,1;;22,7;19;22,9;21,4;19,5;18,8;88;78;80;132;3,3;1,2;
2025/04/19;0800 UTC;0;960,3;960,4;960,2;;21;19,5;22,7;21;19,6;18,9;91;80;91;321;2,4;,7;
2025/04/19;0900 UTC;0;961,1;961,1;960,3;7,7;20,7;19,9;21;20,5;20;19,5;96;91;95;271;1,1;,7;
2025/04/19;1000 UTC;0;961,8;961,8;961,1;394,4;23,7;19,5;23,7;20,7;20,6;19,2;96;76;77;153;2,7;1;
2025/04/19;1100 UTC;0;962,1;962,1;961,8;1261,8;25,1;19;25,6;23,5;20;18,9;78;68;69;124;4,3;1,8;
2025/04/19;1200 UTC;0;962,5;962,5;962,1;2258;27,4;18,6;27,8;25;20,1;18,2;71;58;59;52;4,9;2,1;
2025/04/19;1300 UTC;0;962,2;962,6;962,2;2919,1;28,5;18,4;28,7;27,2;19,4;17,9;61;55;55;172;4,7;2;
2025/04/19;1400 UTC;0;961,5;962,2;961,5;2550;29,4;18,8;29,6;27,8;19,8;17,6;58;50;53;181;5,1;1,7;
2025/04/19;1500 UTC;0;960,2;961,5;960,2;2808,7;29,9;17,5;30,6;28,6;19,4;17,5;55;47;47;163;6,2;2,6;
2025/04/19;1600 UTC;0;958,9;960,2;958,9;2859,9;31;16,8;31,3;29,8;18,9;16,8;51;43;43;149;8,5;1,8;
2025/04/19;1700 UTC;0;957,8;958,9;957,8;2991,5;32,3;16,1;32,9;30,8;17,7;13,5;44;31;38;155;6,1;2,6;
2025/04/19;1800 UTC;0;957,4;957,8;957,4;1940,5;32,6;11,3;32,8;31,3;15,9;9,2;38;23;27;156;7,6;2,9;
2025/04/19;1900 UTC;0;957,1;957,4;957,1;1671,5;32,5;11,8;33,2;32;13;10,2;32;25;28;132;6,5;2,6;
2025/04/19;2000 UTC;0;957,2;957,2;957,1;883,2;31,8;12,2;32,6;31,8;12,5;10,8;30;26;30;110;5,7;2,2;
2025/04/19;2100 UTC;0;957,5;957,5;957,1;112,3;29,8;12,2;31,8;29,8;12,9;11,8;34;30;34;108;4,7;1,7;
2025/04/19;2200 UTC;0;958;958;957,5;;28,6;11,3;29,8;28,6;12,4;11,1;36;33;34;94;3,8;1,7;
2025/04/19;2300 UTC;0;958,6;958,6;958;;25,2;14,7;28,6;25,2;14,7;11,2;52;34;52;19;4,1;1,8;
2025/04/20;0000 UTC;0;958,7;958,8;958,6;;24,4;16,2;25,1;24,4;16,3;14,6;61;52;60;17;3,5;2,3;
2025/04/20;0100 UTC;0;959;959;958,7;;23,9;16,2;24,4;23,9;16,6;16;63;60;62;14;3,9;2,2;
2025/04/20;0200 UTC;0;959;959,2;959;;22,3;16,8;23,9;22;17,2;15,9;74;62;71;323;3,4;,7;
2025/04/20;0300 UTC;0;959;959,2;959;;20,7;17,6;22,3;20,6;18,2;16,8;86;71;82;243;2,2;1;
2025/04/20;0400 UTC;0;958,5;958,9;958,5;;20;17,9;20,8;19,9;18,4;17,2;90;81;88;255;1,9;1,2;
2025/04/20;0500 UTC;0;958,4;958,6;958,3;;20,1;17,2;20,6;19,8;18;17;88;80;83;44;1,9;,7;
2025/04/20;0600 UTC;0;958,5;958,6;958,4;;21,5;16,3;21,8;19,7;17,6;16,1;88;72;72;129;2,7;,7;
2025/04/20;0700 UTC;0;958,7;958,9;958,5;;22,3;16,4;22,3;20,3;17,5;16,3;84;70;70;125;2,9;1,3;
2025/04/20;0800 UTC;0;959,2;959,2;958,7;;21;16,8;22,2;21;16,8;16,2;77;69;77;74;2,9;1;
2025/04/20;0900 UTC;0;959,8;959,8;959,2;7;19,5;18;21;19,4;18;16,8;91;77;91;314;2,3;1,2;
2025/04/20;1000 UTC;0;960,3;960,3;959,8;398;24,3;17,6;24,7;19,5;19,7;17,6;92;66;66;37;1,7;,7;
2025/04/20;1100 UTC;0;960,6;960,6;960,3;1247,7;24,9;17,2;25,4;23,8;18,8;16,9;70;61;62;53;2;,9;
2025/04/20;1200 UTC;0;960,7;960,7;960,6;2094,6;26,3;17,6;27,1;24,9;18,5;16,9;65;56;59;82;3,1;1,4;
2025/04/20;1300 UTC;0;960,2;960,7;960,2;2637,5;28,8;19,6;28,8;26,3;19,9;17,7;62;55;58;50;5,2;2,3;
2025/04/20;1400 UTC;0;959,3;960,2;959,3;2927,4;29,8;18,8;30,3;28,3;19,9;18,4;58;50;52;33;5,2;2,9;
2025/04/20;1500 UTC;0;958,3;959,3;958,3;3322,4;31,1;17;31,7;29,8;19,9;16,2;54;41;43;5;5,3;1,6;
2025/04/20;1600 UTC;0;957,3;958,3;957,3;3225,2;31,9;16,5;32,4;30,6;18,6;15,9;46;38;40;24;4,3;1;
2025/04/20;1700 UTC;0;956,4;957,3;956,4;2809,5;32,6;16;32,9;31,7;18;15,5;43;36;37;340;4,4;1,6;
2025/04/20;1800 UTC;0;955,6;956,4;955,6;1817,5;33;15,2;33,2;31,3;18,3;15;44;34;34;347;5;,9;
2025/04/20;1900 UTC;0;955,3;955,6;955,2;1609;32,3;16;33,5;32;17,3;14;41;32;38;86;3,9;1,6;
2025/04/20;2000 UTC;0;955,6;955,6;955,3;739,7;31,6;17,6;33,2;31,6;19;14,8;44;34;43;328;3,8;1,8;
2025/04/20;2100 UTC;0;956,2;956,2;955,6;89,3;27,9;17,5;31,6;27,9;18,7;17,3;55;43;53;338;2,7;1,9;
2025/04/20;2200 UTC;0;956,8;956,8;956,2;;26,4;18,4;27,9;26,4;18,4;17,1;62;52;61;21;3,1;1,5;
2025/04/20;2300 UTC;0;957,3;957,3;956,8;;25,5;17,2;26,4;25,1;18,7;17,2;66;60;60;11;3,2;2;
2025/04/21;0000 UTC;0;957,7;957,7;957,3;;25,3;18,7;25,9;25,3;18,7;17,2;67;60;67;17;3,2;2;
2025/04/21;0100 UTC;0;957,9;958;957,7;;24,9;19,2;25,3;24,3;19,5;18,6;74;67;71;350;2,9;1,9;
2025/04/21;0200 UTC;0;957,7;957,9;957,7;;24,8;18,9;25,4;24,8;19,2;18,8;71;68;70;360;3,8;,9;
2025/04/21;0300 UTC;0;957,4;957,8;957,4;;24,8;18,8;25,1;24,2;19,1;18,6;72;68;70;355;3,2;1,6;
2025/04/21;0400 UTC;0;957,1;957,4;957,1;;23,4;19,8;24,8;22,7;20,1;18,6;85;69;80;133;2,8;1,6;
2025/04/21;0500 UTC;0;957,3;957,8;957;;22,4;19,6;23,4;21,8;20,5;19,4;91;80;84;132;6,1;2,4;
2025/04/21;0600 UTC;0;957;957,9;957;;22,5;19,8;22,8;22,4;19,9;19,6;86;83;85;359;5;2,4;
2025/04/21;0700 UTC;0;956,9;957,2;956,9;;22,4;20,3;22,6;21,4;20,6;19,4;91;84;88;327;3,8;2,7;
2025/04/21;0800 UTC;0;957,2;957,2;956,8;;21,6;20;22,4;21,6;20,3;20;90;88;90;142;4;,3;
2025/04/21;0900 UTC;0;957,7;957,7;957,2;7,2;20,8;20,4;21,6;20,8;20,4;19,9;98;90;98;163;1,2;,4;
2025/04/21;1000 UTC;0;958,5;958,5;957,7;390,8;23,1;20,8;23,1;20,8;21,3;20,4;100;86;87;190;1,9;,8;
2025/04/21;1100 UTC;0;959,3;959,3;958,5;1230,2;25,7;20,4;25,9;23,1;21,3;20,1;87;71;73;136;2,4;,9;
2025/04/21;1200 UTC;0;959,6;959,6;959,3;2112,9;27,6;19,8;28,2;25,7;21,1;19,8;74;62;62;59;2,9;1,5;
2025/04/21;1300 UTC;0;959,4;959,6;959,4;2700,9;28,7;19,6;28,8;27,3;20,6;18,9;65;56;58;178;3,1;1,2;
2025/04/21;1400 UTC;0;958,5;959,4;958,5;2532,4;31,6;20,3;31,6;28,2;21;19;62;51;51;56;3,5;1,2;
2025/04/21;1500 UTC;0;957,4;958,5;957,4;3558,3;31,7;18,8;32,4;30,2;20,4;17,7;53;43;46;8;3,8;2;
2025/04/21;1600 UTC;0;956,3;957,4;956,3;3199,5;32,8;18,3;33,7;30,4;20,7;17;53;39;42;11;4,6;2,1;
2025/04/21;1700 UTC;0;955,2;956,3;955,2;2455;32,3;16,8;33,4;31,7;18,7;15,7;44;37;39;208;4,6;2,1;
2025/04/21;1800 UTC;0;954,4;955,2;954,4;2344,5;34;15,6;34;32,3;19,4;15;44;32;33;185;4,2;1,4;
2025/04/21;1900 UTC;0;954,4;954,4;954,3;1443,7;33,2;14,2;34;32,5;16,1;13,4;36;30;32;155;5,5;2,2;
2025/04/21;2000 UTC;0;954,6;954,6;954,4;836,4;32,8;14,3;33,6;32,8;15,1;13,7;34;31;33;124;5,8;2,6;
2025/04/21;2100 UTC;0;955,1;955,1;954,6;85,5;30,5;15,3;32,8;30,5;15,4;14,2;40;33;40;83;4,7;1,5;
2025/04/21;2200 UTC;0;955,6;955,6;955,1;;26,7;17,7;30,4;26,7;17,9;15,2;58;40;58;353;2,8;1,2;
2025/04/21;2300 UTC;0;956,4;956,4;955,6;;25,6;17,3;26,7;25,5;18,2;16,9;63;56;60;2;3,7;1,8;
2025/04/22;0000 UTC;0;956,9;956,9;956,4;;26,8;19,6;26,9;25,6;19,6;16,8;65;57;65;358;5,9;3,2;
2025/04/22;0100 UTC;0;957,4;957,4;956,9;;26,5;20;26,9;26,5;20;19,6;68;65;68;355;6,4;3,2;
2025/04/22;0200 UTC;0;957,9;957,9;957,4;;26,4;19,8;26,6;26,1;20,1;19,8;69;67;67;343;6;3,1;
2025/04/22;0300 UTC;0;958,1;958,2;957,9;;26,1;20,3;26,5;26;20,3;19,9;71;67;70;311;6;1;
2025/04/22;0400 UTC;0;957,6;958,1;957,6;;24,8;20,6;26,3;24,7;20,6;20,1;77;69;77;179;2,5;,8;
2025/04/22;0500 UTC;0;957,8;957,8;957,6;;24;19,7;24,8;23,9;20,9;19,7;80;77;77;134;3,6;1,1;
2025/04/22;0600 UTC;0;957,4;957,9;957,4;;24,1;20,1;24,3;23,8;20,1;19,4;79;75;78;41;2,1;,6;
2025/04/22;0700 UTC;0;958;958;957,4;;24,8;20,3;24,8;24,1;20,4;19,4;78;73;76;92;3,5;1,4;
2025/04/22;0800 UTC;0;958,3;958,3;958;;24,1;21,1;24,9;24;21,1;20;83;75;83;79;5,6;2,1;
2025/04/22;0900 UTC;0;959,3;959,3;958,3;;23,9;21,5;24,1;23,8;21,5;21,1;87;83;86;113;4,3;1,9;
2025/04/22;1000 UTC;1,2;959,7;959,7;959,3;245,5;23,5;22,4;23,9;23,1;22,7;21,5;96;86;93;169;3,8;,9;
2025/04/22;1100 UTC;0;960,2;960,2;959,7;535,2;24,9;22;24,9;23,5;22,7;21,6;93;83;84;124;3,6;2;
2025/04/22;1200 UTC;0;960,7;960,7;960,2;824;25,5;21,3;25,7;24,6;22,3;21,1;87;77;78;137;3,9;1,6;
2025/04/22;1300 UTC;0;960,5;960,8;960,5;2170,5;28,8;21,4;28,8;25,5;22;20,7;79;62;64;22;3,5;1,5;
2025/04/22;1400 UTC;0;959,5;960,5;959,5;3043,4;30,2;18,7;30,7;28,1;21,8;18,7;66;50;50;91;4,6;2,3;
2025/04/22;1500 UTC;0;958,5;959,5;958,5;2994,6;30,7;19,1;31,2;29,8;20,8;17,5;57;46;50;26;6,1;2,2;
2025/04/22;1600 UTC;0;957,6;958,5;957,6;2484;32,6;17,5;32,6;30,1;20;16,5;54;40;41;84;6,6;1,7;
2025/04/22;1700 UTC;0;956,8;957,6;956,8;2395,1;29,3;19;33,2;29,3;19;15,7;54;36;54;65;7,6;4,3;
2025/04/22;1800 UTC;0;956,3;956,8;956,3;806,2;28,5;19,1;29,3;28,3;19,8;18,6;60;54;57;14;7,6;2,7;
2025/04/22;1900 UTC;0;956,3;956,5;956,3;687,8;27,7;20,2;28,5;27,2;20,3;18,1;65;54;64;34;7,9;3,2;
2025/04/22;2000 UTC;0;956,5;956,5;956,2;336,9;27,5;19,6;28,1;27,5;20,3;19,2;65;60;62;35;4,8;1,9;
2025/04/22;2100 UTC;0;957,1;957,1;956,5;20,1;27,1;18,3;27,5;27,1;19,5;17,9;62;56;59;15;4;1,9;
2025/04/22;2200 UTC;0;957,4;957,4;957,1;;26,8;18,6;27,1;26,7;18,8;18,2;62;58;61;20;3;1,7;
2025/04/22;2300 UTC;0;957,9;957,9;957,4;;25,5;19;26,8;25,5;19,2;18,4;67;61;67;17;2,8;1,3;
2025/04/23;0000 UTC;0;958,4;958,4;957,9;;23,7;19,4;25,5;23,7;19,4;18,6;77;67;77;235;2,8;,6;
2025/04/23;0100 UTC;0;959;959;958,4;;23,3;20,3;23,9;22,9;20,8;19,2;87;76;83;177;2,4;1,3;
2025/04/23;0200 UTC;0;959,4;959,4;959;;23,1;19,8;23,3;22,8;20,6;19,8;87;81;81;65;2,4;,4;
2025/04/23;0300 UTC;0;959,1;959,6;959,1;;23,1;21;23,1;22,4;21,6;20;92;81;88;43;1,5;,9;
2025/04/23;0400 UTC;0;958,9;959,2;958,9;;22,8;21,7;23,1;22,7;21,8;20,8;94;87;94;184;1,5;,6;
2025/04/23;0500 UTC;0;958,9;959;958,9;;22,8;20,8;22,8;22,5;21,5;20,8;94;89;89;143;1,8;,5;
2025/04/23;0600 UTC;0;959;959;958,9;;23;19,7;23,5;22,8;20,8;19,2;88;78;81;259;2,3;,5;
2025/04/23;0700 UTC;0;959,2;959,2;959;;23,3;18,3;24,1;23;19,6;18,1;81;69;74;168;3,4;1,3;
2025/04/23;0800 UTC;0;959,6;959,7;959,2;;22,8;18,3;23,3;22,8;18,4;18,2;76;73;76;140;2,9;1,2;
2025/04/23;0900 UTC;0;960,4;960,4;959,6;3,3;21,7;18,8;22,8;21,3;18,9;18,3;86;76;83;160;2,6;,9;
2025/04/23;1000 UTC;0;961,4;961,4;960,4;212,4;22,9;18;22,9;21,7;18,7;17,7;83;73;74;132;3,7;1,9;
2025/04/23;1100 UTC;0;962;962;961,4;762,5;24;18;24,1;22,9;18,5;17,6;74;68;69;147;6,1;3,2;
2025/04/23;1200 UTC;0;962,2;962,3;962;1905,1;26,1;17,5;26,5;24;18,8;17,4;70;59;59;139;6,9;3,2;
2025/04/23;1300 UTC;0;961,8;962,2;961,8;2551,4;27,5;17,5;27,6;26,1;18,7;17,2;60;54;54;134;7,3;3,4;
2025/04/23;1400 UTC;0;960,9;961,8;960,9;3029,1;29,4;16,9;29,5;27,5;18,1;15,4;55;44;47;75;12,8;4;
2025/04/23;1500 UTC;0;960,1;961,2;960,1;3030,8;29,4;16;30,6;29,1;17,6;15,4;48;41;44;129;12,8;3,9;
2025/04/23;1600 UTC;0;959;960,1;959;3215,1;31,2;15,6;31,6;29,4;16,9;14,3;45;36;39;131;9;3,5;
2025/04/23;1700 UTC;0;958,1;959;958,1;2818,5;31,1;14,5;32,2;30,9;16,3;13,8;41;33;37;158;8,6;3,7;
2025/04/23;1800 UTC;0;957,6;958,2;957,5;2270,6;32,5;13,6;32,5;31;15,7;13;38;31;32;135;6,9;3;
2025/04/23;1900 UTC;0;957,5;957,6;957,4;1179,7;31,4;13,3;32,6;31,2;14,7;13,2;37;32;33;137;7,1;2,7;
2025/04/23;2000 UTC;0;957,8;957,8;957,5;437,8;30,7;13;31,5;30,7;13,7;12,5;35;32;34;132;6,7;3,2;
2025/04/23;2100 UTC;0;958,3;958,3;957,8;79,2;29,4;12,3;30,7;29,4;13,4;12,3;36;34;35;108;6,8;1,9;
2025/04/23;2200 UTC;0;958,7;958,7;958,3;;26,3;17,4;29,5;26,3;17,4;12,3;58;35;58;25;3,8;1,6;
2025/04/23;2300 UTC;0;959,2;959,2;958,7;;24,7;17,6;26,3;24,7;17,9;17,4;65;58;65;17;2,7;1,8;
2025/04/24;0000 UTC;0;959,6;959,6;959,2;;23,4;17,8;24,7;23,4;18,2;17,3;73;64;71;3;2,6;1,8;
2025/04/24;0100 UTC;0;959,9;959,9;959,6;;23,7;17,4;23,7;23,3;17,9;17,1;71;67;68;17;2,9;2;
2025/04/24;0200 UTC;0;959,8;959,9;959,8;;23,8;16,9;24;23,5;17,5;16,8;69;64;65;7;2,9;1,9;
2025/04/24;0300 UTC;0;959,7;959,9;959,7;;21,8;18,2;24,1;21,8;18,3;16,7;80;63;80;242;2,5;1,2;
2025/04/24;0400 UTC;0;959,7;960;959,7;;21,1;18,2;22,2;21,1;18,8;17,8;84;77;84;283;3,5;1,2;
2025/04/24;0500 UTC;0;959,3;959,7;959,3;;21,5;17,3;22,6;21,1;18,2;16,7;84;71;77;1;2,3;,8;
2025/04/24;0600 UTC;0;959,4;959,4;959,3;;20,7;17,9;21,6;20,7;18,3;17,2;86;76;84;201;1,2;,3;
2025/04/24;0700 UTC;0;959,6;959,7;959,3;;20,8;17,9;20,8;20,2;18,3;17,3;88;81;84;216;1,9;,8;
2025/04/24;0800 UTC;0;959,9;959,9;959,6;;21,7;17,2;21,8;20,8;18,5;17,2;86;76;76;155;3,3;1,5;
2025/04/24;0900 UTC;0;960,5;960,5;959,9;6,9;21,5;17,2;21,8;21,2;17,2;17;77;75;77;130;3,3;,8;
2025/04/24;1000 UTC;0;961,2;961,2;960,5;408,3;22,8;16,7;23;21,5;17,2;16,4;77;67;69;141;5,1;2,7;
2025/04/24;1100 UTC;0;961,8;961,8;961,2;1189,8;24,6;17,5;24,7;22,8;17,8;16,3;68;64;65;131;5,5;2,6;
2025/04/24;1200 UTC;0;962,1;962,1;961,8;1176,9;25;18,4;25,2;24,2;18,7;17,4;68;64;67;130;5,8;2,1;
2025/04/24;1300 UTC;0;961,7;962,1;961,7;2334,1;27,6;17,5;27,9;25;19,1;17,5;68;54;54;121;6,5;3,2;
2025/04/24;1400 UTC;0;960,9;961,7;960,9;2316,5;28,4;16,6;29,2;26,5;18,6;16,3;59;47;49;117;6,5;3,6;
2025/04/24;1500 UTC;0;959,7;960,9;959,7;2968,4;30,1;14,2;30,4;28;16,7;13,7;49;38;38;99;7,2;3;
2025/04/24;1600 UTC;0;958,5;959,7;958,5;2980,5;29,9;14,6;31,3;29,7;16,8;13,4;44;35;39;149;6,6;2,8;
2025/04/24;1700 UTC;0;957,4;958,5;957,4;2993,6;32;13,9;32,1;29,9;16;12,6;41;31;33;113;8;2,7;
2025/04/24;1800 UTC;0;956,7;957,4;956,7;2527,7;31,9;12,3;32,4;31,3;14,2;11,4;35;29;30;127;7,5;3,1;
2025/04/24;1900 UTC;0;956,5;956,7;956,5;1760,1;31,7;12,1;32,2;31,6;13,5;11,1;33;28;30;130;7,4;2,7;
2025/04/24;2000 UTC;0;956,8;956,9;956,5;857,7;31,2;10,9;31,8;31,1;12,1;10,5;31;27;29;141;7,2;3,1;
2025/04/24;2100 UTC;0;957,1;957,1;956,7;102;29,7;11,2;31,2;29,7;11,2;10,6;32;28;32;128;6,1;1,9;
2025/04/24;2200 UTC;0;957,8;957,8;957,1;;28;12,6;29,7;27,9;12,7;11,2;39;32;39;102;4,1;1,3;
2025/04/24;2300 UTC;0;958,6;958,6;957,8;;26,4;13,6;28;25,9;14,6;12,6;50;39;45;49;2,7;1;
2025/04/25;0000 UTC;0;959,1;959,1;958,6;;24,2;15;26,4;24,2;15,3;13,5;57;45;56;11;2,8;2;
2025/04/25;0100 UTC;0;959,2;959,3;959,1;;24,4;16;24,6;24,2;16,3;14,8;61;56;59;360;2,6;1,2;
2025/04/25;0200 UTC;0;959,8;959,8;959,1;,4;25,1;15;25,8;24,4;16,3;14,8;60;51;53;191;6,3;2,5;
2025/04/25;0300 UTC;0;959,7;959,9;959,7;;26,1;15,3;26,5;25,1;15,3;14,1;53;47;51;145;6,3;1,8;
2025/04/25;0400 UTC;0;959,1;959,7;959,1;;25,6;17,8;26,2;25,6;17,8;15,3;62;51;62;172;5,7;2;
2025/04/25;0500 UTC;0;958,5;959,1;958,5;;24,5;17,2;25,6;24,5;17,9;17,2;65;62;64;157;4,5;2,1;
2025/04/25;0600 UTC;0;958,2;958,6;958,2;;24;15,9;24,6;23,9;17,3;15,9;64;60;61;147;5,6;2,9;
2025/04/25;0700 UTC;0;958,4;958,4;958,2;;23,6;16;24;23,6;16;15,9;62;61;62;140;6,6;3,4;
2025/04/25;0800 UTC;0;958,9;958,9;958,4;;23,3;16,3;23,6;23,3;16,4;15,9;65;62;65;139;7,1;2,4;
2025/04/25;0900 UTC;0;959,7;959,7;958,9;8,2;22,6;17;23,3;22,6;17;16,2;70;64;70;140;6,9;2,9;
2025/04/25;1000 UTC;0;960,4;960,4;959,7;373,1;23,3;17,5;23,3;22,6;17,6;17;72;70;70;136;6,6;2,7;
2025/04/25;1100 UTC;0;961,1;961,1;960,4;1046,8;23,5;17,9;24,1;22,9;18,3;17,4;72;69;71;128;7,1;3,2;
2025/04/25;1200 UTC;0;961,7;961,8;961,1;1475;25;18,1;25,5;23,4;18,9;17,8;72;64;66;131;7,1;2,8;
2025/04/25;1300 UTC;0;961,3;961,7;961,3;2109,1;27,1;17,6;27,3;24,9;19,3;17,6;68;56;56;133;7;2,9;
2025/04/25;1400 UTC;0;960,4;961,3;960,4;2549,4;29;16,9;29,3;26,9;18,6;16,4;58;48;48;114;6,8;3,5;
2025/04/25;1500 UTC;0;958,9;960,4;958,9;3084,4;30,1;16,6;30,4;28,4;18;16;52;43;44;132;6,8;2,8;
2025/04/25;1600 UTC;0;958;958,9;957,9;3327;30,7;14,3;31,6;30,1;17,2;14,3;45;37;37;136;8,7;2,6;
2025/04/25;1700 UTC;0;956,8;958;956,8;3178,2;31,9;15,2;32;30,7;16,2;13,8;40;33;37;129;8,7;2,6;
2025/04/25;1800 UTC;0;956;956,8;956;2244,5;32,2;15;32,4;31,5;15,6;13,9;39;33;35;101;6,1;2,6;
2025/04/25;1900 UTC;0;956,1;956,1;955,9;1621,2;31,9;13,9;32,5;31,3;15,6;13,6;37;32;33;84;6,4;3,6;
2025/04/25;2000 UTC;0;956,1;956,1;956;577,3;31,4;13,4;32;31,3;14,1;13;35;32;33;110;6,4;2,6;
2025/04/25;2100 UTC;0;956,3;956,3;956,1;94,5;29,8;13,4;31,4;29,8;13,5;12,9;37;33;37;97;4,8;1,5;
2025/04/25;2200 UTC;0;957;957;956,3;;28,8;13,6;29,8;28,8;13,7;13,4;40;37;39;109;3,3;1,5;
2025/04/25;2300 UTC;0;957,7;957,7;957;;25,7;15,1;28,8;25,5;15,6;13,6;54;39;52;9;2,9;1,2;
2025/04/26;0000 UTC;0;958,3;958,3;957,7;;24,6;15,8;25,8;24,6;15,8;15,2;58;52;58;6;2,1;1,4;
2025/04/26;0100 UTC;0;958,7;958,7;958,3;;24,1;16,2;24,6;23,8;16,4;15,7;63;58;61;12;3,1;2,1;
2025/04/26;0200 UTC;0;958,7;958,9;958,7;;22,8;16,3;24,1;22,6;16,7;15,8;67;61;67;8;2,9;1,4;
2025/04/26;0300 UTC;0;958,8;958,9;958,7;;22,7;15,3;23,3;22,4;16,8;15,2;70;61;63;4;2,7;,9;
2025/04/26;0400 UTC;0;958,5;958,8;958,4;;20,6;17,3;22,7;20,5;17,4;15,4;83;63;81;207;2,4;1,1;
2025/04/26;0500 UTC;0;958,3;958,7;958,3;;20,8;17;21;20,3;17,4;16,6;82;76;79;285;2,6;,8;
2025/04/26;0600 UTC;0;958,1;958,3;958,1;;20,8;16,2;21;20,4;17,1;15,8;80;73;75;226;3;2;
2025/04/26;0700 UTC;0;958,4;958,4;958,1;;20,7;16,5;21;20;16,7;15,8;80;72;77;302;3;,7;
2025/04/26;0800 UTC;0;958,9;958,9;958,4;;20,2;16,5;20,7;19,7;16,5;16,2;81;77;80;341;2;,7;
2025/04/26;0900 UTC;0;959,4;959,4;958,9;8,4;19,5;17;20,2;19,4;17,1;16,3;86;79;85;297;1,2;,7;
2025/04/26;1000 UTC;0;960,1;960,1;959,4;392,5;25,1;15,7;26;19,5;18,6;15,4;87;54;56;322;1,2;,2;
2025/04/26;1100 UTC;0;960,4;960,4;960,1;1229,9;25,2;17,4;26;24,3;17,4;15,4;62;55;62;141;2,1;1;
2025/04/26;1200 UTC;0;960,5;960,6;960,4;2059,2;28,1;18,8;28,1;25,1;19,2;16,5;62;55;57;27;3;1,2;
2025/04/26;1300 UTC;0;960;960,5;960;2694,4;29,4;18,9;29,7;27,4;20;18,1;62;53;53;69;4,6;2,2;
2025/04/26;1400 UTC;0;959,1;960;959,1;2978,9;29,7;17,6;31,2;29,1;20,7;17,6;56;47;48;69;5,6;1,8;
2025/04/26;1500 UTC;0;957,7;959,1;957,7;3257,3;32,2;18,3;32,6;29,7;19,7;16,9;52;40;44;55;5,6;2,7;
2025/04/26;1600 UTC;0;956,3;957,7;956,3;3085,4;33,3;14,3;33,8;31,8;19;14,3;45;32;32;94;6,4;2;
2025/04/26;1700 UTC;0;955,5;956,3;955,5;2985,4;33,8;13,8;34,4;32,7;16,1;12,5;34;27;30;69;7,5;3,6;
2025/04/26;1800 UTC;0;954,9;955,5;954,9;2000,1;33,1;12,8;34,6;32,9;15,4;11,4;33;25;29;74;8;2,4;
2025/04/26;1900 UTC;0;955,2;955,2;954,8;1327;33,9;14;34,3;32,3;14,2;11,2;33;25;30;83;8,7;2,4;
2025/04/26;2000 UTC;0;955,8;955,8;955,2;759,9;31,8;13,4;33,9;31,8;15,8;13,1;35;30;33;21;6,9;4,1;
2025/04/26;2100 UTC;0;956,3;956,3;955,8;86,4;28,4;14,5;31,8;28,4;14,7;13,3;43;32;43;14;5,8;1,9;
2025/04/26;2200 UTC;0;956,8;956,8;956,3;;26,6;16,1;28,4;26,6;16,1;14,6;53;43;53;14;3,8;1,7;
2025/04/26;2300 UTC;0;957,4;957,4;956,8;;24,9;16,3;26,6;24,6;17,3;16,1;63;53;59;19;2,2;1,5;
2025/04/27;0000 UTC;0;957,8;957,8;957,4;;24,1;16,2;25,3;23,9;17;15,8;64;56;61;318;2,4;,8;
2025/04/27;0100 UTC;0;958,2;958,2;957,8;;23,8;17,1;24,3;23,6;17,2;16;66;61;66;38;1,8;,8;
2025/04/27;0200 UTC;0;958,3;958,4;958,2;;23,2;18,4;23,9;22,6;18,5;17,1;77;66;74;326;1,6;,9;
2025/04/27;0300 UTC;0;958,1;958,3;958,1;;22,4;18,1;23,3;22,2;18,4;17,8;78;74;77;37;1,8;,8;
2025/04/27;0400 UTC;0;957,9;958,1;957,8;;21,8;18;22,5;21,8;18,8;17,9;82;76;79;48;2;1,6;
2025/04/27;0500 UTC;0;958;958;957,8;;20,9;18,4;21,9;20,9;18,5;17,8;86;77;86;320;2,3;,2;
2025/04/27;0600 UTC;0;958,2;958,3;958;;20,6;18,4;21,1;20,6;19;18,4;89;85;87;333;1,7;1,2;
2025/04/27;0700 UTC;0;958,2;958,3;958,1;;20,7;18,7;20,8;20,3;19;18,4;90;87;88;317;1,7;1;
2025/04/27;0800 UTC;0;958,6;958,6;958,2;;20,2;18,8;20,8;20,1;19,1;18,5;93;88;92;282;1,9;,3;
2025/04/27;0900 UTC;0;959,1;959,1;958,6;8,7;20,2;19,3;20,2;19,7;19,3;18,7;95;92;95;259;2,1;1,1;
2025/04/27;1000 UTC;0;960,1;960,1;959,1;389,3;23,5;19,7;23,5;20,2;20,2;19,2;95;79;79;181;1,9;1;
2025/04/27;1100 UTC;0;960,4;960,4;960;1231,7;26,3;18,8;26,7;23,5;20,5;18,8;79;63;63;170;1,9;,6;
2025/04/27;1200 UTC;0;960,6;960,6;960,4;2044,8;28,4;19;28,4;26,3;19,6;17,9;66;55;57;76;2,9;1,3;
2025/04/27;1300 UTC;0;960,4;960,6;960,3;2686,7;29,6;18,4;29,9;28;19,9;17,6;58;49;51;34;4,7;2,2;
2025/04/27;1400 UTC;0;959,7;960,4;959,7;2692,6;31,4;16,5;31,5;28,7;20,1;16,1;55;41;41;115;5,7;2,3;
2025/04/27;1500 UTC;0;958,7;959,7;958,7;3073,1;31,5;15,5;32,4;30,5;17,8;14,6;44;35;38;94;7;3,1;
2025/04/27;1600 UTC;0;957,7;958,7;957,7;2947,5;32,9;14,9;33;31,5;16,5;13,9;39;32;34;33;6,8;1,8;
2025/04/27;1700 UTC;0;956,6;957,7;956,6;2529,8;33,7;13,1;34,2;32,4;16,1;12,5;36;28;29;126;8,1;1,7;
2025/04/27;1800 UTC;0;956;956,6;956;2525,2;33,8;12,5;34,5;33,3;15,1;11,7;32;26;27;126;6,5;3;
2025/04/27;1900 UTC;0;956,1;956,2;955,9;1344,2;32,4;12;34,5;32,3;13,9;11;30;25;29;162;5,5;1,9;
2025/04/27;2000 UTC;0;956,2;956,2;956;908,2;33,1;12,2;33,8;32,4;13,3;11,4;30;26;28;120;6,7;1,7;
2025/04/27;2100 UTC;0;956,8;956,8;956,2;92,4;29,2;15,6;33,1;29,2;16;11,7;45;27;44;353;5,2;1,4;
2025/04/27;2200 UTC;0;957,4;957,4;956,8;;27,8;16,2;29,8;27,7;17,3;14,4;53;39;49;8;3,2;1,9;
2025/04/27;2300 UTC;0;958;958;957,4;;27,3;17;27,8;25,9;17;15,7;57;48;53;343;5,8;3,8;
2025/04/28;0000 UTC;0;958,6;958,6;958;;26,6;17,6;27,3;26,6;17,6;17;58;53;58;334;6,2;3,6;
2025/04/28;0100 UTC;0;958,8;958,8;958,6;;25,9;17;26,7;25,7;17,7;16,9;61;57;58;360;5,8;2;
2025/04/28;0200 UTC;0;959,1;959,1;958,8;;25;17,4;25,9;24;17,5;16,8;66;58;63;8;3,5;1,4;
2025/04/28;0300 UTC;0;959;959,1;959;;24,2;17,8;25,4;23,7;17,9;17,2;68;61;68;167;3,2;1,1;
2025/04/28;0400 UTC;0;958,7;959;958,6;;21,6;17,9;24,2;21,6;18,1;17,6;79;68;79;87;2,3;,4;
2025/04/28;0500 UTC;0;958,8;959,2;958,7;;21,3;18,4;22,4;21,2;18,6;17,7;84;76;84;330;6,2;1,2;
2025/04/28;0600 UTC;0;958,9;959;958,8;;21;18,7;21,3;20,7;19;18,4;88;84;87;255;2,7;,5;
2025/04/28;0700 UTC;0;959;959;958,8;;20,4;18,9;21,2;20,3;19,1;18,6;91;87;91;285;1,2;,6;
2025/04/28;0800 UTC;0;959,2;959,3;959;;20;18,1;20,4;20;18,9;18,1;92;88;89;344;1,3;,3;
2025/04/28;0900 UTC;0;960;960;959,2;10,1;20,5;18,4;20,8;19,9;18,6;17,9;90;85;88;19;1,6;1,2;
2025/04/28;1000 UTC;0;960,7;960,7;960;426,7;24,8;18,8;24,9;20,5;19,8;18,3;88;68;69;43;2,5;1,1;
2025/04/28;1100 UTC;0;961,3;961,3;960,7;1249,2;26,5;19,6;26,5;24,5;19,6;18,5;71;64;66;88;2,6;1,4;
2025/04/28;1200 UTC;0;961,6;961,6;961,3;2050,4;28,1;17,7;28,3;25,8;19,5;17,6;66;53;53;89;3,2;,9;
2025/04/28;1300 UTC;0;961,3;961,6;961,3;2691,6;29;17,4;29,3;27,5;18,8;16,8;57;48;50;100;3,7;1;
2025/04/28;1400 UTC;0;960,7;961,3;960,7;3115,4;31;16,9;31;29;18,8;16,6;53;43;43;72;4,2;1,6;
2025/04/28;1500 UTC;0;959,6;960,7;959,6;3356,5;31,7;16,3;32;30,5;17,1;15;44;37;40;48;4,8;1,3;
2025/04/28;1600 UTC;0;958,6;959,6;958,6;3288,4;32,6;16,2;32,7;31,5;17,3;14,8;42;35;37;98;5,5;1,5;
2025/04/28;1700 UTC;0;957,7;958,6;957,7;2890,7;33,6;16,3;33,8;32,3;17,4;14,7;40;33;36;26;5,5;3,1;
2025/04/28;1800 UTC;0;956,8;957,7;956,8;2491,1;33,4;15;34,2;33,3;16,9;13,9;37;31;33;64;5,4;2;
2025/04/28;1900 UTC;0;956,6;956,8;956,6;1721,9;34,1;15,7;34,6;33,3;16,5;13,8;35;29;33;345;5;1,4;
2025/04/28;2000 UTC;0;956,6;956,7;956,4;888,9;32,5;14,5;34,7;32,5;16,1;13,3;35;29;34;8;5,4;1,6;
2025/04/28;2100 UTC;0;956,8;956,8;956,6;78,6;29,1;16;32,5;29,1;16,4;14,9;45;34;45;350;5,4;1,7;
2025/04/28;2200 UTC;0;957,6;957,6;956,8;;27,9;19,6;29,6;27,9;19,6;15,7;61;44;61;35;6,4;2,3;
2025/04/28;2300 UTC;0;958,4;958,4;957,6;;27;19,7;27,9;27;19,8;19,6;64;61;64;4;6,9;2,2;
2025/04/29;0000 UTC;0;958,9;958,9;958,4;;25,9;19,7;27;25,8;19,8;19,5;69;64;68;340;4,8;2,2;
2025/04/29;0100 UTC;0;959;959;958,9;;25,2;19,1;25,9;24,9;19,7;18,9;70;66;69;266;4;,8;
2025/04/29;0200 UTC;0;959,1;959,1;958,9;;24,4;18,8;26,3;24,4;19,2;18,7;71;64;71;295;5,2;,7;
2025/04/29;0300 UTC;0;958,8;959,1;958,8;;25,1;18,7;25,5;24,1;19,1;18,5;73;66;68;344;5,8;1,1;
2025/04/29;0400 UTC;0;958,8;958,8;958,7;;22,9;19;25,1;22,9;19;18,4;79;67;79;33;3,7;1;
2025/04/29;0500 UTC;0;958,8;958,8;958,5;;21,5;19,7;22,9;21,5;19,7;18,9;90;79;90;229;2,3;1,3;
2025/04/29;0600 UTC;0;958,7;958,8;958,4;;23,1;19,9;23,2;21,4;20,8;19,7;93;82;82;164;3,4;,8;
2025/04/29;0700 UTC;0;958,8;959;958,8;;21,6;19,8;23,1;21,6;20,1;19,7;90;82;90;31;3;1,9;
2025/04/29;0800 UTC;0;959;959;958,6;;21,3;19,7;21,6;21;20,2;19,7;93;90;90;37;3,3;2,3;
2025/04/29;0900 UTC;0;959,6;959,6;959;6,2;21;19,3;21,6;20,9;19,6;18,9;90;85;90;2;3,3;1,8;
2025/04/29;1000 UTC;0;960,1;960,1;959,6;396,2;25;19,7;25;21;20,9;19,3;91;72;72;1;3,2;1,8;
2025/04/29;1100 UTC;0;960,6;960,6;960,1;1019,5;26,5;20,2;26,5;25,1;20,5;19,5;73;67;69;21;6,1;2,7;
2025/04/29;1200 UTC;0;960,9;960,9;960,6;1682,9;28,3;20,5;28,3;26,5;21,3;19,9;69;63;63;335;4,4;2,3;
2025/04/29;1300 UTC;0;960,8;960,9;960,8;2459,6;29,8;18,5;30,1;28,2;21,2;18,3;64;51;51;7;4,4;1,2;
2025/04/29;1400 UTC;0;960,1;960,8;960,1;3153,9;30,6;18,2;31,6;29,5;21,5;17,9;57;45;47;119;3,6;1,5;
2025/04/29;1500 UTC;0;959,2;960,1;959,2;2357,9;31,3;18,9;31,7;30,1;20,2;17,6;54;44;48;9;5,9;2,6;
2025/04/29;1600 UTC;0;958,1;959,2;958,1;1721,4;30,6;18,7;31,2;30,2;19,7;18,1;53;47;49;312;5,8;1,9;
2025/04/29;1700 UTC;0;957;958,1;957;1147,4;30,5;18,9;30,6;30,3;19,5;18;52;47;50;339;4,7;2,1;
2025/04/29;1800 UTC;0;956,2;957;956,2;986,2;30,7;18,2;30,8;30,3;19,3;17,8;52;47;47;337;4,1;2,1;
2025/04/29;1900 UTC;0;955,8;956,2;955,8;970,1;32,2;16,1;32,2;30,6;18,5;15,4;48;36;38;282;4,1;1,9;
2025/04/29;2000 UTC;0;955,7;955,9;955,7;414,8;29,3;18,7;32,2;29,3;18,9;14,9;54;35;53;345;3,6;1,3;
2025/04/29;2100 UTC;0;955,7;955,7;955,5;39;27,9;17,3;29,3;27,5;18,8;17,2;56;52;53;341;3,1;2;
2025/04/29;2200 UTC;0;956,6;956,6;955,7;;26,5;16,5;27,9;26,2;17,3;16,5;57;52;54;356;3,1;1,6;
2025/04/29;2300 UTC;0;957,6;957,6;956,6;;27;18,9;27,3;26,3;19;16,3;61;53;61;355;5,4;2;
2025/04/30;0000 UTC;0;958,5;958,5;957,6;;27;19,4;27,2;26,4;19,6;19;65;61;63;349;5,4;2,3;
2025/04/30;0100 UTC;0;959,2;959,2;958,5;;26,1;19,7;27;26,1;19,7;19,3;68;63;68;347;4,4;2,1;
2025/04/30;0200 UTC;0;959,1;959,3;959,1;;26,5;19,7;26,5;26,1;19,8;19,6;68;66;66;333;6,2;3,6;
2025/04/30;0300 UTC;0;959,1;959,3;959,1;;23,7;19,4;26,6;23,7;19,8;19,2;77;66;77;226;6,4;1,2;
2025/04/30;0400 UTC;0;958,6;959,1;958,6;;23,9;20,1;24,4;23,4;20,5;19,4;81;76;79;200;4;,5;
2025/04/30;0500 UTC;0;958,3;958,6;958,3;;23,6;20,3;24,2;23,6;20,4;20,2;82;79;82;245;1,7;,8;
2025/04/30;0600 UTC;0;958,2;958,3;958,1;;24,3;20,3;24,9;23,6;20,6;19,9;82;75;78;227;3,6;1,2;
2025/04/30;0700 UTC;0;958,6;958,6;958,2;;23,7;20,5;24,4;22,8;20,8;19,8;87;76;82;50;2,8;1,5;
2025/04/30;0800 UTC;0;959,5;959,5;958,6;;23,7;20,5;24,4;23,2;20,6;20,1;85;78;82;104;4,1;1,2;
2025/04/30;0900 UTC;0;959,9;960;959,4;9,3;23,2;20,7;23,8;22,8;20,9;20,4;88;82;86;63;2,9;,9;
2025/04/30;1000 UTC;0;960,3;960,4;959,9;294,3;25,5;21,5;25,5;23,2;21,5;20,8;87;78;79;17;2,7;,7;
2025/04/30;1100 UTC;0;960,8;960,8;960,3;988,8;26,4;21,2;27,2;25,5;21,8;20,1;78;67;73;338;4,8;1,7;
2025/04/30;1200 UTC;0;960,8;961;960,8;1576,9;28,2;20,3;28,7;26,4;21,4;19,7;73;60;63;21;4,5;2;
2025/04/30;1300 UTC;0;960,5;962;960,5;2805,8;30,4;19,3;30,7;28,2;21;18,9;64;50;51;43;4,9;2,3;
2025/04/30;1400 UTC;0;959,8;960,6;959,8;2168,1;30,7;18,2;31,3;29,1;20,4;18,2;56;46;47;191;4,9;1,5;
2025/04/30;1500 UTC;0;958,6;962,2;958,6;2885,6;32,2;18,1;32,5;30,4;19,3;17;49;40;43;351;4,1;,8;
2025/04/30;1600 UTC;0;957,5;958,6;957,5;1870;32;17,9;32,3;31,2;19,1;16,8;48;41;43;284;6,1;1,4;
2025/04/30;1700 UTC;0;956,4;957,6;956,3;2120;33,1;15,8;34,4;31,5;19,1;15,6;47;33;35;28;6,1;1,3;
2025/04/30;1800 UTC;0;955,5;956,4;955,5;1735,6;34,5;13,7;34,9;32,3;16,7;13,5;38;29;29;97;4,9;1,9;
2025/04/30;1900 UTC;0;955,3;955,5;955,3;1576,1;34,4;13,1;34,8;33,5;15,3;12;32;25;28;156;5,1;2,2;
2025/04/30;2000 UTC;0;955,8;955,8;955,3;532;31,8;15,8;34,5;31,8;15,8;11,9;38;26;38;47;5,5;2;
2025/04/30;2100 UTC;0;956;956;955,8;55,3;30,3;16,2;31,9;29,9;16,7;15,6;45;37;43;43;3,6;2,3;
2025/04/30;2200 UTC;0;956,4;956,4;956;;28,4;16,6;30,3;28,4;16,7;15,8;49;42;49;17;4,1;1,9;
2025/04/30;2300 UTC;0;957;958,4;956,4;;27,8;19;28,6;27,8;19;16,6;59;49;59;3;5,1;2,8;
